2001 4 20
50
B 1801 1 9
B 1803 9 4
B 1804 6 1
B 1807 11 1
J 1809 5 8
J 1811 11 8
B 1813 4 5
J 1815 4 5
J 1816 4 8
B 1822 11 9
B 1823 2 6
J 1824 1 8
J 1828 9 6
J 1830 8 10
J 1834 3 7
B 1836 10 5
J 1842 7 10
B 1847 1 8
J 1853 9 2
J 1854 10 6
J 1860 4 1
B 1864 11 2
J 1866 12 2
B 1867 3 6
B 1870 2 7
J 1875 1 1
B 1876 10 9
J 1879 6 8
B 1882 10 9
B 1883 1 1
J 1885 3 6
B 1887 11 4
J 1889 9 10
B 1891 4 8
J 1896 9 5
J 1900 11 7
B 1901 5 2
J 1902 9 1
J 1908 9 10
J 1910 9 5
B 1914 3 10
B 1917 12 4
B 1918 11 6
B 1923 9 1
J 1925 7 4
J 1928 5 4
B 1931 11 8
J 1933 6 2
B 1939 3 9
B 1943 8 10
50
B 1801 6 3
J 1803 12 7
J 1808 2 8
B 1809 11 8
J 1812 2 1
B 1814 5 4
B 1817 6 6
J 1820 10 6
B 1822 7 9
B 1826 9 6
B 1832 5 7
B 1837 3 7
J 1843 11 2
B 1848 4 8
J 1851 3 1
J 1853 4 9
J 1858 4 4
B 1864 3 1
B 1868 1 2
B 1873 5 6
B 1875 4 1
B 1880 10 7
J 1884 1 3
J 1890 1 2
B 1891 6 2
J 1892 10 6
J 1894 1 5
B 1895 8 3
J 1900 6 1
B 1906 1 1
J 1907 12 2
J 1909 12 5
J 1910 10 10
J 1914 12 8
J 1919 12 8
B 1924 5 4
J 1925 4 9
B 1931 11 10
J 1934 5 5
J 1939 5 7
J 1943 2 10
J 1944 5 6
J 1948 8 10
B 1951 12 3
B 1953 9 8
J 1954 10 5
J 1956 1 10
J 1961 6 1
J 1963 11 1
J 1966 11 9
