26
1801 6 3 1803 12 6
1809 5 8 1809 11 7
1812 2 1 1813 4 4
1814 5 4 1815 4 4
1820 10 6 1822 7 8
1822 11 9 1824 1 7
1836 10 5 1842 7 9
1843 11 2 1847 1 7
1848 4 8 1851 2 28
1853 9 2 1864 2 29
1864 11 2 1866 12 1
1867 3 6 1874 12 31
1876 10 9 1879 6 7
1882 10 9 1884 1 2
1885 3 6 1887 11 3
1889 9 10 1891 4 7
1891 6 2 1892 10 5
1895 8 3 1896 9 4
1900 6 1 1901 5 1
1902 9 1 1905 12 31
1907 12 2 1914 3 9
1924 5 4 1925 4 8
1925 7 4 1931 11 7
1931 11 10 1933 6 1
1934 5 5 1939 3 8
1951 12 3 1954 10 4
