100 100
10 6 14 11 9 6 6 11 14 6 6 14 5 10 6 10 12 7 6 6 10 6 7 9 8 13 8 10 9 10 7 7 13 9 14 9 10 7 9 13 10 13 5 13 8 12 12 10 10 10 13 5 8 10 8 11 9 7 7 11 7 12 9 10 9 14 11 13 8 10 12 12 12 7 14 6 12 10 6 13 5 11 5 7 7 13 8 12 8 8 5 13 6 5 5 11 14 13 8 10
64 2 59 3 78 4 82 6 74 7 84 8 40 11 94 12 24 13 72 14 94 15 87 19 88 21 11 23 77 24 65 26 92 27 78 28 77 29 8 30 88 32 52 34 53 36 70 37 65 38 75 40 92 43 61 46 73 47 12 48 62 49 42 52 70 53 56 57 15 59 49 60 54 61 21 63 50 64 1 65 4 67 52 69 13 71 5 72 9 76 83 77 47 78 22 79 20 80 64 81 50 83 60 85 96 86 91 87 24 88 42 89 57 90 49 91 26 92 25 94 23 95 55 96 51 99 2 100 37
60 1 69 2 61 3 10 5 19 9 44 10 94 12 76 13 84 16 59 18 19 20 55 21 14 22 5 24 9 25 74 28 7 30 61 31 6 32 70 34 47 35 2 36 77 37 42 38 44 39 86 41 64 43 41 45 70 46 50 47 34 48 85 51 31 52 83 53 36 56 41 58 100 61 69 63 54 65 6 66 92 68 8 69 3 70 23 71 46 72 39 73 2 75 76 77 90 78 29 80 70 81 6 83 4 85 67 88 55 90 57 91 80 94 100 96 29 97 26 99 12
70 1 56 3 12 4 99 7 94 9 43 10 80 11 80 12 38 13 12 15 37 16 92 17 19 19 11 20 69 21 59 22 1 23 97 24 65 25 19 26 18 27 87 29 84 30 77 34 77 35 87 36 67 37 38 39 73 40 6 41 76 43 63 45 51 46 58 49 92 50 90 52 19 53 41 54 48 55 86 56 93 57 55 59 35 60 73 61 49 62 69 63 84 67 24 69 98 70 92 71 60 74 16 75 20 76 26 79 25 80 73 81 84 82 21 83 55 84 84 85 8 86 60 87 20 90 88 91 61 92 37 95 29 97 68 98 7 99 57 100 71
85 1 30 2 24 3 93 4 6 5 60 6 81 7 96 8 75 9 81 10 93 11 45 12 7 13 25 14 100 16 37 17 62 18 27 21 88 22 34 23 70 24 69 25 58 26 84 27 59 28 27 29 17 30 70 33 52 34 92 35 51 36 89 37 17 38 43 39 15 41 5 42 88 43 41 44 96 47 59 48 11 49 73 50 72 51 64 52 27 53 67 54 19 55 74 56 59 57 1 58 55 59 29 60 55 61 62 62 64 63 7 64 23 66 95 67 31 69 74 71 64 72 87 73 23 74 11 75 25 76 23 78 34 79 13 80 27 81 23 83 57 84 63 85 54 86 71 87 100 88 39 89 62 91 35 92 58 93 22 94 28 95 49 96 39 98 55 99 19 100 21
51 1 9 3 68 4 6 8 99 9 37 10 83 11 66 13 88 14 33 15 79 16 67 17 100 18 30 19 87 20 60 21 38 26 24 28 78 29 70 33 10 34 56 35 55 36 43 37 69 38 70 42 10 43 7 46 36 49 3 51 33 52 47 54 4 55 17 56 62 57 37 59 99 62 59 67 10 68 41 69 71 75 54 79 30 81 23 82 16 83 77 84 17 87 2 89 12 91 36 93 88 99 98
81 1 78 2 63 3 91 4 35 5 94 6 26 7 53 8 36 9 79 10 13 11 83 12 54 15 46 16 31 17 92 18 60 19 13 21 71 22 18 23 97 24 52 25 80 26 54 27 41 28 61 29 23 30 39 31 66 32 94 33 18 34 34 35 61 37 16 39 21 40 91 42 6 43 17 45 6 47 66 48 98 49 50 51 76 52 22 53 19 54 25 55 6 56 26 57 35 58 13 59 76 60 19 61 3 62 63 64 78 67 89 68 42 69 29 70 96 71 65 72 16 75 68 76 79 77 26 78 50 79 15 80 38 81 55 82 43 83 7 85 16 87 41 88 24 89 69 90 58 91 66 92 38 94 88 95 1 96 29 97 2 100 44
82 2 93 3 50 4 65 5 50 6 22 7 32 8 50 9 97 10 39 12 27 13 74 18 70 19 57 20 82 21 19 22 100 23 21 25 63 26 60 27 14 28 76 29 46 30 2 31 16 32 90 33 4 34 25 35 59 37 38 38 24 39 79 40 36 41 36 42 30 44 38 45 40 46 97 49 92 50 95 51 28 52 78 53 95 54 35 56 3 57 97 58 91 59 68 61 47 63 57 64 1 65 83 66 23 67 28 68 60 70 33 72 66 73 35 74 74 75 87 76 84 78 23 79 87 80 76 81 9 82 63 83 62 84 57 85 8 86 89 87 74 88 59 89 15 90 27 91 86 92 45 93 20 94 37 95 10 96 88 98 10 99 50 100 39
71 1 60 2 63 3 22 4 89 7 72 8 34 9 57 10 67 11 37 12 97 14 21 15 83 17 58 18 66 19 93 20 36 21 76 22 15 24 18 25 71 26 98 27 98 28 76 29 94 33 62 34 98 35 68 36 25 37 51 38 17 39 87 41 53 42 29 45 39 47 11 49 20 50 10 52 38 54 6 55 67 59 61 61 4 64 63 65 49 66 9 67 5 68 88 69 55 70 14 72 88 73 38 75 40 78 19 79 81 81 41 82 88 84 60 85 13 86 24 87 1 88 33 90 38 91 47 93 87 94 88 95 76 96 52 97 67 98 62 99 52 100 74
78 3 1 4 67 6 80 7 98 8 41 9 100 10 57 11 44 12 39 13 36 14 42 15 50 16 94 17 63 18 63 20 73 21 22 22 92 24 29 26 45 27 33 28 55 29 52 31 55 33 83 36 64 37 82 38 64 39 92 40 27 41 81 42 76 43 66 45 26 46 92 47 23 49 84 51 27 52 17 53 92 54 62 55 52 56 77 57 7 58 8 60 89 61 23 62 73 64 19 66 71 67 72 69 53 70 39 72 35 73 25 75 76 76 40 77 45 78 82 79 42 80 69 81 43 82 72 83 42 84 28 85 25 86 32 88 83 89 79 90 98 91 49 92 99 93 72 94 81 96 64 97 78 98 13 99 100
55 3 13 6 78 9 50 10 43 11 68 13 92 16 52 18 67 24 39 25 74 27 22 28 80 29 45 30 21 32 25 33 37 34 28 37 45 38 24 39 90 40 60 41 51 44 76 46 68 47 4 49 26 50 6 53 26 57 56 58 13 59 46 63 22 64 54 66 2 71 91 74 58 76 82 78 9 80 87 82 61 84 77 85 11 86 44 87 29 89 35 90 81 92 10 93 81 94 28 95 55 96 33 97 81 98 98 99 39 100 21
56 1 14 2 81 5 58 6 26 9 32 10 33 12 56 13 32 14 74 15 85 16 46 17 55 18 64 19 47 20 19 21 38 22 23 23 5 27 93 28 100 29 99 35 48 36 58 39 88 40 11 43 28 45 15 47 81 48 15 49 50 50 88 54 97 56 39 57 29 58 16 59 10 61 67 62 82 65 93 66 70 68 19 69 7 72 45 74 55 79 58 81 70 82 81 83 50 84 13 86 40 87 10 89 25 90 38 94 91 95 3 98 39
75 1 38 2 59 3 47 5 13 6 58 8 61 9 58 10 28 11 38 13 61 14 58 15 46 17 35 18 58 19 31 20 1 21 83 22 20 24 83 25 84 26 28 27 78 28 71 29 35 30 82 31 62 32 65 33 35 34 24 35 88 36 21 37 52 39 11 40 23 41 22 42 48 43 41 44 86 46 81 47 6 48 98 49 76 52 9 53 9 54 51 56 39 58 31 60 49 61 55 63 75 64 25 65 47 66 13 68 82 70 43 71 59 72 2 74 28 75 84 76 82 77 6 78 19 79 23 80 84 81 33 83 86 87 7 89 13 91 53 92 20 93 42 94 12 95 90 96 4 100 16
60 1 69 2 90 4 83 5 84 6 70 7 30 8 9 10 65 12 24 16 99 17 7 18 71 22 54 26 6 27 81 29 87 30 27 31 44 32 2 33 49 34 93 35 11 36 23 37 77 39 10 41 60 44 53 45 63 46 48 51 11 53 81 54 44 55 85 57 78 59 70 60 82 61 59 62 48 64 36 65 78 66 65 68 56 69 33 70 29 71 21 72 61 73 26 74 91 75 81 79 58 80 10 81 35 82 85 83 24 87 28 90 4 92 14 96 2 97 28 98 67
50 4 11 6 64 10 23 11 9 12 46 13 6 15 12 18 30 19 58 21 37 22 32 26 31 28 99 30 19 31 61 32 36 35 84 37 54 38 67 39 22 42 100 43 16 44 62 46 14 47 50 48 80 49 85 52 1 53 31 54 52 62 6 63 29 65 99 66 34 71 24 72 60 75 14 77 25 79 65 80 89 84 100 85 13 88 19 89 70 90 20 93 25 95 56 96 41 98 9 99 9
92 1 25 2 68 3 84 4 58 5 47 6 86 7 57 8 50 9 51 10 78 11 67 12 94 13 4 14 46 15 88 16 61 17 89 19 31 20 14 21 6 22 60 23 49 24 3 25 21 26 22 27 63 28 56 29 99 31 69 32 36 33 48 34 4 35 45 36 55 37 72 38 74 39 54 40 45 42 50 43 92 44 33 46 6 47 10 48 91 49 79 50 3 51 32 52 39 53 39 54 28 55 94 57 64 58 18 59 65 60 71 61 7 62 63 63 52 64 29 65 35 67 70 68 51 69 5 70 58 71 82 72 47 73 78 74 67 75 42 76 82 77 59 78 65 79 74 80 82 81 79 82 13 83 27 85 92 86 70 87 30 88 4 89 53 90 78 92 7 93 13 94 54 95 70 96 24 97 50 98 75 99 78 100 60
58 1 46 2 90 4 22 6 71 7 11 9 94 11 91 12 66 14 68 15 57 19 21 20 77 22 73 25 53 29 37 30 71 33 22 35 15 36 86 38 53 39 44 41 80 45 90 46 20 51 56 53 12 54 69 55 81 59 68 61 47 63 23 64 84 65 77 66 5 67 81 68 30 71 98 72 36 74 81 75 86 76 10 78 85 80 92 82 21 83 11 84 35 87 90 88 51 89 32 90 96 91 18 92 20 93 15 95 92 96 72 97 68 98 31 100 2
90 1 31 2 20 3 59 4 4 5 93 6 48 7 18 8 87 9 51 10 34 11 3 12 67 13 42 14 77 16 47 17 42 18 87 19 80 21 41 22 21 23 73 24 61 25 45 26 6 28 7 29 96 30 77 31 79 32 69 33 18 34 97 35 35 36 78 37 75 38 94 39 75 40 34 41 3 43 13 44 89 45 9 46 6 47 60 48 43 49 93 50 1 52 17 53 72 54 11 55 11 56 21 57 66 58 81 59 59 60 83 61 39 62 62 63 32 64 7 66 93 68 53 69 49 70 46 71 68 72 41 73 92 74 18 76 63 77 27 78 31 79 12 80 16 81 52 82 83 83 44 84 39 85 39 86 11 87 57 88 87 89 39 91 34 92 66 93 46 94 4 96 18 97 32 98 77 99 13 100 97
59 2 12 3 91 4 62 5 93 6 86 7 97 10 15 11 55 12 17 13 7 14 5 15 44 16 55 17 46 20 87 21 29 22 14 25 29 26 21 28 8 29 32 30 41 31 64 35 98 36 18 38 41 39 38 41 19 42 19 43 50 46 17 47 32 48 66 50 28 54 90 57 34 58 54 59 70 60 27 61 33 66 81 68 53 70 40 73 4 76 90 77 72 78 76 79 42 80 3 81 49 82 43 84 81 85 23 86 85 92 53 93 21 94 5 98 74 100 11
66 2 86 3 1 4 57 5 95 6 86 7 92 9 78 10 74 12 78 14 100 15 92 16 92 17 97 18 71 20 56 21 17 22 2 23 23 24 15 25 22 26 54 29 76 30 77 31 43 32 89 33 75 37 84 38 36 40 30 42 89 43 75 45 38 47 94 48 7 49 10 58 12 59 85 60 71 62 78 64 26 65 9 66 18 67 35 68 41 69 52 71 76 72 17 73 49 74 45 75 96 77 11 78 27 79 71 81 100 82 7 83 80 85 66 87 26 88 14 90 45 91 47 92 67 93 3 94 1 97 37 98 15
79 1 65 3 55 4 83 5 16 6 64 7 15 8 25 9 5 12 98 13 57 15 37 18 35 19 8 20 35 21 73 22 19 23 72 24 28 27 71 28 19 29 45 30 76 32 34 33 100 35 61 36 54 37 71 38 24 39 39 40 40 41 16 45 7 48 22 49 57 50 21 52 38 53 13 55 54 56 77 57 14 59 28 60 50 61 68 62 2 63 97 64 60 65 34 66 47 67 7 68 92 69 68 70 3 71 58 72 75 73 65 74 67 75 53 76 31 77 73 78 52 79 26 80 80 83 28 84 46 85 42 86 20 87 60 88 17 89 52 90 28 92 9 93 68 94 85 95 79 96 46 97 43 98 76 99 52 100 5
79 1 84 2 92 3 49 4 33 5 45 6 56 7 5 8 82 9 42 10 11 11 90 12 26 13 64 14 60 15 42 16 10 17 91 18 77 19 46 20 100 22 11 23 15 25 5 26 90 27 83 29 53 30 48 33 25 35 57 36 66 37 78 38 52 39 71 40 17 41 70 42 34 43 93 44 85 46 55 47 67 48 64 51 98 52 26 53 87 55 82 56 43 57 37 59 83 60 16 61 97 62 54 63 72 65 43 66 91 67 74 68 90 69 53 70 75 71 3 72 93 73 63 76 2 77 76 78 22 79 63 80 15 82 90 85 67 86 97 87 44 90 93 91 35 92 21 93 11 94 99 95 54 97 73 98 27 99 14
75 1 12 5 75 6 92 7 32 8 73 9 6 11 73 12 71 16 11 17 77 18 13 19 82 20 82 21 92 22 100 23 6 24 3 25 68 27 18 28 66 29 78 30 19 31 41 32 92 34 100 35 76 36 9 39 8 40 20 43 22 44 45 45 44 46 24 47 70 48 19 49 53 50 79 51 45 52 92 53 59 54 14 55 82 56 86 58 5 60 75 61 51 63 48 64 24 65 15 66 92 67 30 68 60 69 25 70 43 71 14 72 57 73 3 77 57 78 84 79 53 80 28 83 39 84 93 85 33 86 28 87 32 88 37 89 47 90 4 91 6 92 39 93 30 94 63 98 90 99 94
51 3 65 4 90 7 33 9 19 10 14 14 87 15 92 17 73 21 56 30 78 35 27 37 87 38 77 39 24 40 40 41 70 43 72 48 16 50 12 51 61 52 9 54 48 60 65 61 69 62 97 63 30 64 70 65 45 66 43 67 73 69 37 73 84 74 10 75 58 77 16 78 77 79 93 80 27 81 62 83 45 84 6 85 6 90 35 92 7 93 95 94 32 95 56 96 71 97 79 98 83 99 17
93 1 7 2 35 3 76 4 55 5 87 6 83 7 42 8 54 9 60 10 90 11 3 12 83 13 79 15 20 16 71 17 81 18 74 19 12 20 8 21 90 22 57 23 74 24 89 25 25 26 48 27 95 28 41 29 49 30 46 31 55 32 85 33 41 34 36 35 63 36 11 37 95 38 19 39 37 40 75 41 59 43 95 44 83 45 6 46 78 47 55 48 58 49 50 50 72 52 94 53 92 54 90 55 81 56 73 57 89 58 4 59 17 60 84 61 17 62 61 63 18 65 9 67 62 70 42 71 44 72 50 73 50 74 14 75 50 76 81 77 7 78 35 79 10 80 2 81 85 82 35 83 31 84 21 85 30 86 99 87 75 88 50 89 22 90 2 91 96 92 71 93 12 94 19 95 22 96 21 97 53 98 40 99 83 100 96
75 1 89 2 89 3 59 4 18 5 37 7 29 9 99 10 59 11 71 12 2 14 88 15 34 16 75 17 84 18 91 19 45 20 54 22 47 23 69 24 67 25 57 26 75 29 81 30 91 31 72 32 14 33 62 35 16 36 80 37 86 41 39 42 23 44 8 47 14 48 4 49 94 51 57 52 10 53 5 54 41 56 23 58 94 59 27 60 43 62 83 64 51 66 62 67 30 68 1 70 77 71 69 72 53 73 64 74 49 75 18 77 93 78 46 79 56 80 69 81 42 82 78 83 53 86 68 87 75 88 6 89 76 91 24 92 7 93 48 94 97 95 29 96 3 98 94 99 54 100 51
85 2 38 3 32 4 88 5 17 6 79 7 88 8 78 10 37 12 14 13 44 14 97 15 12 17 35 18 60 19 76 20 46 21 26 22 55 23 58 24 80 25 74 26 26 27 60 28 58 29 35 30 53 31 55 32 65 33 3 34 64 35 8 37 75 38 59 40 56 41 68 42 20 43 83 44 73 45 70 46 69 47 4 48 82 50 63 51 67 52 52 54 37 55 33 56 40 57 81 59 26 60 75 61 12 62 79 63 11 64 32 65 30 66 67 67 78 69 28 70 90 71 40 72 70 73 76 74 13 75 40 76 33 77 84 78 8 80 22 81 13 82 60 83 77 84 27 85 11 87 82 88 94 89 68 90 74 91 65 93 98 95 5 96 93 97 85 98 90 99 84
85 1 21 2 98 3 18 4 23 5 73 7 75 8 36 9 54 10 12 11 74 12 90 13 67 15 59 16 48 17 86 18 56 19 64 20 37 21 52 22 59 24 27 25 21 26 26 29 39 31 31 32 68 33 40 34 81 35 93 36 38 37 69 38 16 39 9 40 42 41 96 43 97 44 32 45 58 46 78 48 76 49 68 50 47 51 89 52 6 53 29 55 96 56 49 57 50 58 4 59 3 61 64 62 31 63 16 64 62 65 40 66 53 67 83 68 7 69 74 70 65 72 90 73 91 74 97 75 80 77 90 79 52 80 53 82 38 83 64 84 83 85 41 86 41 88 68 89 39 90 31 91 86 92 70 93 18 94 49 95 58 96 52 97 21 98 32 99 57 100 68
81 1 57 2 39 3 28 4 36 5 42 6 26 9 74 10 22 11 95 12 72 14 99 15 55 16 83 17 83 18 21 19 52 20 29 21 78 22 78 23 28 24 87 25 39 26 14 29 26 30 84 31 74 32 79 33 70 34 86 35 19 36 99 37 62 38 56 39 95 42 97 43 91 45 24 47 8 48 4 49 77 51 87 52 74 53 99 54 87 55 64 56 83 57 50 58 8 59 81 60 34 61 11 62 26 64 78 65 89 67 78 68 21 69 42 70 40 71 4 73 97 75 99 76 14 78 56 80 20 82 86 83 39 84 98 85 31 86 64 87 86 88 59 89 60 91 33 92 69 93 48 94 96 95 3 96 88 97 87 99 72 100 11
65 1 64 2 14 3 59 4 55 6 13 7 88 8 84 13 56 14 45 15 68 16 88 17 22 18 73 20 36 23 8 24 35 25 58 26 80 28 97 29 37 30 6 31 61 32 17 33 98 35 89 36 58 37 22 39 8 40 25 41 5 42 95 44 42 45 43 47 89 48 64 49 87 52 44 53 53 54 19 55 90 56 64 60 32 62 57 63 74 66 5 67 28 68 94 70 13 71 63 73 39 74 83 75 22 78 80 80 33 81 12 83 24 84 99 85 40 87 24 90 68 93 14 94 56 96 78 99 47 100 32
58 3 89 4 54 6 50 11 22 12 3 13 9 14 44 15 19 16 60 17 77 20 36 21 43 22 11 23 87 24 81 25 48 27 37 28 15 30 9 31 100 32 7 35 85 37 24 41 2 43 83 44 55 45 19 46 17 47 59 48 22 49 69 50 49 51 61 54 87 55 48 56 45 57 53 58 46 60 6 61 88 62 64 66 7 71 90 72 76 74 38 77 61 79 96 80 90 82 26 84 46 85 15 88 10 89 93 93 13 96 81 97 95 98 12 100 9
53 1 89 2 59 5 19 6 78 7 61 8 68 9 40 11 79 13 84 14 30 15 51 16 71 17 23 19 2 22 30 23 92 26 23 27 11 29 83 31 44 32 53 37 4 38 11 41 11 45 99 47 87 49 71 51 74 53 85 54 69 55 89 56 90 58 45 59 55 62 44 65 91 69 41 71 7 72 38 75 22 76 76 77 26 78 70 79 2 80 24 86 36 88 77 90 78 91 62 92 40 93 33 95 72 97 31
71 1 19 2 94 6 15 7 72 8 74 9 9 10 58 11 48 12 6 14 17 15 57 16 11 17 77 18 9 21 54 22 49 24 46 25 55 27 47 29 42 30 86 31 98 32 14 34 7 36 6 37 100 39 19 41 82 42 3 43 65 44 32 46 59 47 65 48 25 49 9 50 68 54 69 55 51 56 36 57 79 58 13 59 84 60 57 61 90 62 69 63 86 64 81 66 68 67 100 70 50 73 10 77 60 78 56 79 6 80 9 81 84 82 65 83 54 85 40 87 22 88 78 89 58 90 8 91 53 92 92 93 57 95 49 97 5 98 82 99 96 100 31
77 1 16 2 38 4 25 8 83 9 48 10 44 12 22 13 86 14 40 15 57 16 59 17 94 18 34 19 46 20 94 22 20 23 89 24 54 27 78 28 97 29 93 31 49 32 57 33 96 34 79 35 11 36 35 37 19 38 3 39 45 40 94 41 43 43 48 44 37 45 76 46 1 47 81 49 4 50 64 51 43 53 15 54 67 55 41 56 26 57 40 58 39 61 54 62 85 64 74 66 32 67 72 68 50 69 60 70 65 71 65 72 94 73 69 75 49 76 18 78 30 79 47 80 39 82 15 84 5 85 53 86 21 87 13 88 51 90 60 91 11 92 33 93 16 94 92 95 6 98 91 99 73 100 39
53 1 67 5 57 6 4 8 56 9 10 12 29 13 88 16 88 17 60 18 89 22 52 23 69 25 81 26 53 27 25 28 20 29 36 30 42 33 14 36 28 37 25 38 10 39 16 42 10 43 12 45 98 47 58 48 23 49 93 51 75 54 34 55 28 56 61 58 9 61 84 65 46 70 29 71 45 72 45 73 68 74 68 76 2 77 27 78 79 79 41 80 87 83 53 88 28 90 10 92 15 94 17 97 28 100 70
66 3 90 5 21 9 11 10 75 11 9 12 21 13 88 14 29 16 85 17 48 19 32 21 97 23 23 24 85 25 30 27 58 28 84 29 27 30 15 31 14 32 17 34 87 35 3 37 66 39 22 41 51 42 42 43 72 44 47 46 56 47 77 48 66 51 2 52 18 53 95 55 97 56 66 57 12 58 56 59 71 61 86 65 3 66 35 67 22 68 68 71 13 73 75 74 35 75 63 76 45 79 81 81 81 82 56 83 4 84 21 85 60 87 26 88 100 89 28 90 61 91 41 92 28 95 64 96 68 97 17 100 12
57 1 7 2 45 3 81 5 49 6 7 7 50 9 91 12 46 13 42 14 84 15 38 16 60 18 82 19 69 21 75 22 16 23 38 25 79 26 92 28 10 29 75 31 44 34 52 35 61 38 47 39 86 40 70 41 24 45 72 46 17 47 95 53 66 55 69 56 5 57 56 59 97 62 26 66 49 67 34 77 10 78 27 79 31 80 74 81 49 83 98 85 11 86 13 87 98 88 86 90 9 92 8 93 95 94 44 96 78 97 50 98 15 99 28
76 2 21 5 57 7 9 8 88 9 48 12 31 13 64 14 72 15 5 17 18 18 15 19 37 20 40 21 48 22 99 23 49 24 42 25 21 26 97 27 86 28 35 29 10 30 9 31 80 32 3 33 73 34 73 35 56 36 99 37 24 38 52 39 38 41 47 42 10 44 19 48 45 49 98 50 14 51 78 52 7 53 96 54 100 55 54 56 49 57 12 58 2 59 58 60 52 61 7 62 40 63 73 64 99 65 70 66 62 68 80 70 55 71 79 72 48 74 68 75 86 76 65 80 52 81 94 83 84 85 89 88 87 89 4 90 85 91 33 92 36 95 32 96 7 97 99 98 92 99 6 100 87
82 1 20 2 97 3 35 5 91 6 60 7 24 8 49 9 65 10 84 11 50 12 21 13 39 14 18 15 94 16 25 17 51 18 87 19 21 20 34 21 58 22 33 23 8 24 11 25 22 26 13 27 92 28 47 29 62 31 46 32 83 33 85 35 47 36 43 38 36 39 20 40 98 41 60 43 63 44 29 45 62 46 5 48 46 49 91 50 31 51 29 52 19 53 25 54 58 55 87 57 12 59 45 60 19 61 6 62 60 63 15 64 54 65 4 68 27 69 69 70 62 71 77 73 54 74 20 76 28 78 88 79 53 80 15 81 17 82 80 83 15 86 12 87 36 88 29 89 100 91 21 92 13 93 13 94 31 97 30 98 55 99 32 100 34
50 2 5 3 29 6 43 10 60 11 53 16 60 18 97 19 58 22 84 28 52 33 29 34 55 36 14 37 92 38 23 39 53 41 50 42 3 44 80 46 16 47 84 49 59 50 40 52 9 53 27 54 9 55 36 56 1 59 11 62 20 65 74 68 100 69 95 73 41 76 83 77 24 79 91 80 76 81 40 82 8 83 46 84 76 86 66 88 11 92 72 93 4 96 61 97 87 98 48 100 49
64 1 36 2 25 4 30 5 6 11 78 12 28 13 62 16 80 17 94 18 68 20 97 21 36 23 15 24 1 25 59 26 47 28 44 29 91 30 57 31 81 32 89 33 29 35 100 36 27 37 6 38 5 42 83 43 7 44 88 46 69 47 86 48 51 50 74 52 82 54 24 56 43 57 10 58 24 60 48 61 100 62 98 64 74 65 32 66 41 71 72 74 27 75 35 77 54 78 28 79 31 80 16 82 75 83 21 85 21 87 1 88 19 90 98 91 12 92 67 93 76 94 87 96 58 98 90 99 20
84 1 87 2 67 3 82 4 45 5 61 6 89 7 53 10 76 11 25 12 52 13 99 14 95 16 22 17 56 20 92 21 49 22 77 23 93 24 44 25 91 26 89 27 93 28 92 29 31 30 5 31 90 32 40 33 63 35 100 36 11 37 21 38 56 39 88 40 36 41 85 42 12 43 85 45 68 46 38 47 80 48 40 49 7 50 92 51 94 54 66 56 74 57 47 58 65 59 10 60 44 61 41 62 39 64 85 65 55 66 60 67 55 68 86 69 61 71 33 72 64 73 10 74 9 76 90 77 57 78 54 79 86 80 51 81 17 82 57 83 44 84 34 85 68 86 1 88 41 89 26 90 27 91 89 92 32 93 81 94 26 95 95 97 37 99 85 100 30
74 1 19 2 68 3 65 4 40 5 95 6 51 7 71 8 45 9 99 10 67 11 39 13 85 14 94 15 14 16 21 17 98 20 35 21 73 22 85 23 61 24 31 25 61 26 81 28 45 29 76 30 10 33 19 34 21 36 27 37 63 38 80 39 43 41 45 42 15 44 37 45 15 46 55 47 48 48 78 50 83 51 78 52 82 54 53 55 52 57 3 58 84 59 69 60 2 61 37 64 66 65 39 66 91 68 46 69 100 70 57 71 93 72 61 73 40 74 85 75 16 76 82 78 67 79 67 80 14 81 36 83 20 85 55 87 100 88 47 90 38 91 27 92 95 97 12 99 41
52 1 8 3 86 4 73 5 67 6 27 7 69 8 46 9 88 10 17 11 99 12 32 13 40 16 59 17 35 23 49 24 12 25 74 26 91 27 32 28 41 33 29 39 1 41 68 42 32 43 72 45 47 48 65 49 43 50 85 51 36 55 32 56 79 57 24 58 23 60 84 62 27 63 20 66 74 68 70 72 86 78 42 80 3 82 71 86 82 87 69 89 33 90 89 91 52 92 1 95 81 99 18 100 93
95 1 32 2 36 3 17 4 46 5 49 6 10 7 44 8 81 9 55 10 89 11 13 12 88 13 1 14 27 15 27 16 9 17 79 18 87 19 48 20 51 21 89 22 50 23 20 24 72 25 58 26 64 27 46 28 88 29 14 30 45 31 67 32 57 33 35 35 97 36 32 38 82 39 54 40 98 41 97 42 94 43 25 44 57 45 39 46 41 47 86 48 2 49 91 50 15 51 11 52 99 53 48 54 53 55 10 56 66 57 15 58 39 59 14 60 74 61 96 62 91 63 67 64 28 65 52 66 33 67 63 68 90 69 76 70 15 71 5 72 51 73 58 74 81 75 51 76 93 77 33 78 21 79 49 80 44 81 75 82 30 83 16 85 63 86 75 87 93 88 25 89 97 90 3 91 68 93 40 94 82 95 45 97 18 98 7 99 18 100 13
67 1 7 2 7 3 76 4 19 5 76 6 92 7 22 8 83 12 71 14 3 16 82 17 69 19 36 20 71 21 91 22 37 23 96 26 51 28 40 30 71 31 41 32 3 33 31 34 73 36 70 37 99 39 55 40 91 44 87 46 61 49 77 50 57 53 75 54 46 55 78 56 87 57 65 60 99 61 95 62 87 63 51 66 10 67 15 68 45 69 99 71 56 74 15 75 75 77 69 78 77 79 44 80 41 81 42 82 62 84 14 85 44 86 78 87 28 90 24 92 95 93 66 94 99 95 68 97 52 98 21 99 51 100 86
86 1 26 2 61 3 15 4 43 5 100 6 97 7 28 8 20 9 72 10 47 11 16 13 51 14 62 15 48 16 21 17 55 18 59 19 23 20 75 21 80 22 33 24 34 25 33 26 81 27 19 28 59 30 7 31 42 33 37 34 80 36 29 37 92 38 51 39 82 40 81 41 65 43 53 44 49 46 76 47 66 49 12 50 39 53 43 54 25 55 81 56 42 57 77 58 60 59 33 61 91 62 40 63 23 64 79 65 30 66 42 67 4 68 37 69 19 70 72 71 16 72 16 73 61 74 11 75 86 76 46 77 60 78 4 79 4 80 83 81 23 82 13 83 42 84 50 85 47 86 70 88 78 90 9 91 9 92 83 93 1 94 21 95 1 96 24 98 20 99 25 100 43
82 1 6 2 61 4 63 6 18 7 53 8 47 10 73 11 75 12 53 13 94 14 7 15 55 16 22 17 8 18 93 19 92 21 39 22 46 23 1 24 41 25 18 26 58 27 31 28 60 29 90 30 18 31 47 34 19 36 22 38 63 39 64 40 58 43 42 44 36 45 67 46 81 47 9 49 81 50 79 53 32 55 96 56 74 57 64 58 37 59 23 60 96 62 51 63 56 64 68 65 41 66 40 67 49 68 85 69 100 70 5 72 20 73 65 74 40 75 34 76 51 77 45 78 54 79 86 80 1 81 13 82 95 83 55 84 40 85 6 86 50 87 79 88 6 90 87 91 62 92 64 93 3 94 98 96 43 97 3 98 24 99 11 100 52
80 2 82 3 91 4 87 6 12 7 8 9 12 10 98 11 96 12 73 14 59 15 98 16 5 17 43 18 21 19 19 20 14 21 54 22 95 23 17 24 78 25 28 26 75 28 66 29 23 30 9 31 7 32 93 33 66 34 89 36 69 37 68 38 3 39 52 40 5 41 74 42 3 43 48 44 48 45 40 46 57 47 55 48 20 49 12 50 10 51 37 52 77 54 20 55 98 58 41 59 12 61 37 62 67 63 54 64 62 65 42 67 94 70 17 71 5 73 84 74 66 76 86 78 76 79 71 80 60 81 48 82 80 84 3 85 45 86 40 87 84 88 86 89 73 91 90 92 31 93 58 94 12 95 76 98 98 99 94 100 81
58 1 79 2 20 3 64 4 93 9 58 12 59 14 77 16 11 17 17 19 4 20 39 23 6 24 34 25 90 28 47 29 13 31 79 32 85 35 5 36 84 39 77 42 10 43 41 44 94 46 50 47 78 48 90 51 48 54 62 55 82 58 52 60 67 61 23 63 41 64 46 67 93 68 78 69 13 70 93 73 59 74 52 75 43 76 99 77 76 78 99 79 82 80 56 82 90 84 70 88 11 91 24 92 86 93 59 95 66 96 74 97 40 99 77 100 13
85 3 11 4 91 5 47 6 2 9 32 10 10 11 37 12 64 13 54 14 62 15 57 16 50 17 24 18 76 19 29 20 70 21 29 22 15 23 94 24 53 26 96 27 12 28 89 29 13 31 10 32 63 33 88 34 98 35 9 36 65 38 45 39 45 40 81 42 77 43 78 44 8 45 94 46 40 47 38 48 72 49 23 51 32 52 66 53 73 54 54 55 34 56 11 57 95 58 65 59 39 61 1 63 36 64 3 65 82 66 85 67 46 68 30 69 48 71 33 72 66 73 18 75 47 76 55 77 87 79 28 80 54 81 31 82 99 83 38 84 22 85 75 86 16 87 49 88 83 89 58 91 45 92 85 93 83 94 24 95 26 96 68 97 55 98 53 99 81 100 11
86 1 45 2 7 3 48 4 59 5 15 7 32 8 24 9 65 10 40 12 39 13 16 14 92 15 8 16 71 17 37 19 70 21 31 22 16 24 22 25 17 26 58 27 42 28 29 29 79 31 52 32 21 33 38 35 68 36 87 38 71 39 61 40 71 41 83 42 9 43 90 44 93 45 57 46 30 47 5 48 60 49 54 50 36 51 6 53 19 54 4 55 95 56 63 57 27 58 44 59 30 60 9 61 78 62 81 64 65 65 98 66 47 67 45 68 25 69 45 70 94 71 19 73 19 74 11 75 92 76 26 77 21 78 7 79 43 80 70 81 60 82 10 83 12 84 57 85 97 86 15 87 41 89 35 90 67 91 6 92 47 94 58 96 74 97 38 98 32 99 68 100 17
94 1 12 2 68 4 8 5 69 6 49 7 35 8 62 9 20 10 16 11 90 12 74 13 18 15 46 16 32 17 45 18 6 19 89 20 100 21 16 22 58 23 8 24 82 25 58 26 14 27 6 28 41 29 27 30 52 31 7 32 41 33 40 34 24 35 63 36 75 37 77 38 72 39 19 40 35 41 21 42 8 44 33 45 54 46 12 47 3 48 77 49 92 50 40 51 4 52 59 53 83 54 35 56 62 57 13 58 53 59 62 60 7 61 58 62 85 63 65 64 74 65 56 67 74 68 86 69 76 70 73 71 58 72 23 73 9 74 66 75 22 76 31 77 43 78 25 79 78 80 10 82 100 83 63 84 1 85 72 86 95 87 65 88 5 89 13 90 64 91 90 92 57 93 23 94 72 95 28 96 26 97 45 98 60 99 75 100 21
85 1 1 2 93 3 30 4 27 5 80 6 58 7 83 8 35 9 79 10 7 12 14 13 45 14 33 15 34 16 5 19 90 20 27 22 79 23 4 25 14 27 90 28 74 29 1 30 45 31 82 33 34 34 43 35 9 36 55 37 14 38 77 39 16 41 57 42 12 43 5 44 16 46 58 49 36 50 2 51 13 52 82 53 56 54 47 55 44 56 81 58 83 59 81 61 55 62 69 63 77 64 73 65 1 66 86 67 36 68 11 69 87 70 96 71 12 72 91 73 60 74 6 75 16 76 36 77 15 78 62 79 26 80 39 81 86 82 1 83 76 84 87 85 72 86 71 87 44 88 34 89 3 90 34 91 69 93 66 94 61 96 16 97 58 98 12 99 52 100 60
76 1 29 2 14 3 80 4 97 5 69 6 75 7 75 9 100 12 41 13 93 14 54 15 86 16 83 17 6 18 83 19 45 21 33 22 78 23 52 25 72 26 95 27 8 28 7 30 72 33 76 34 53 35 100 36 81 37 34 38 41 39 64 40 59 41 99 42 63 43 1 46 53 47 78 49 64 50 48 51 65 52 95 53 57 56 42 57 75 58 35 59 84 60 20 61 60 62 88 63 26 64 77 65 13 68 35 70 68 71 82 73 57 74 99 75 99 77 67 78 89 79 11 80 90 83 56 84 4 85 75 86 78 87 58 88 81 90 11 91 8 93 53 94 91 95 87 96 15 97 42 99 48
71 1 77 2 51 3 32 4 24 5 6 7 94 8 75 11 3 13 75 14 80 15 74 17 49 18 88 20 61 22 74 23 73 24 77 25 6 26 57 27 74 28 78 30 45 32 91 33 73 36 44 37 13 38 46 40 7 41 88 42 19 43 52 44 87 45 90 46 1 47 35 50 4 51 34 52 5 53 8 54 68 58 97 59 62 60 56 61 22 62 4 63 34 64 21 67 4 68 5 69 89 70 12 71 71 74 36 75 74 76 36 77 64 78 87 79 31 80 6 82 8 83 64 84 68 86 91 88 5 89 44 91 35 92 32 94 14 95 2 96 25 97 8
94 1 67 2 40 3 98 4 71 5 86 6 44 7 60 8 16 9 42 10 93 11 39 12 97 13 82 14 93 15 90 16 85 17 8 18 72 19 98 20 61 21 25 22 60 23 27 24 87 25 29 26 94 27 50 28 84 29 37 30 5 31 78 33 79 34 87 35 5 36 13 37 47 38 15 39 67 40 15 41 16 42 39 43 36 44 52 45 36 46 20 48 84 49 55 50 85 51 94 52 83 53 22 54 87 55 57 56 1 57 96 58 38 59 100 60 15 61 33 62 50 63 96 64 87 65 90 66 17 67 52 68 27 69 19 70 3 71 32 72 33 73 21 74 13 75 25 76 87 77 80 78 22 80 6 81 36 82 16 83 26 84 46 85 98 86 59 87 61 88 84 89 100 90 49 92 34 93 70 94 59 95 19 96 93 97 98 98 64
58 1 95 3 18 5 42 7 11 8 47 10 71 12 67 13 3 14 70 17 31 18 68 20 86 21 93 22 41 23 40 26 78 27 87 28 15 31 39 33 46 34 45 36 67 38 74 40 36 43 2 44 23 45 69 47 21 48 22 49 43 51 20 52 89 53 78 56 84 57 67 60 68 61 78 62 43 63 85 65 79 67 83 69 64 70 34 71 91 74 80 75 65 77 30 78 56 80 15 82 54 83 91 84 15 85 64 90 31 92 2 97 99 98 35 99 77
53 3 1 4 49 8 8 9 53 11 42 12 35 13 41 14 7 16 96 17 80 18 42 19 45 20 34 22 59 23 85 26 14 28 10 29 99 31 59 33 88 35 72 36 56 38 78 40 4 41 74 45 49 46 49 47 27 48 89 49 13 51 45 55 69 56 50 57 34 62 97 63 31 67 1 70 80 71 54 72 66 73 26 75 87 76 80 80 93 82 75 83 54 85 35 86 70 87 68 91 25 95 72 96 100 98 75
78 1 47 3 48 5 6 6 68 7 95 9 38 10 49 12 48 13 42 14 19 15 14 16 80 17 27 18 12 19 6 20 29 21 36 22 46 23 41 24 61 25 80 26 46 27 57 28 86 30 11 31 21 33 59 34 81 36 89 37 82 38 85 39 15 40 91 41 3 43 43 44 33 45 40 47 90 48 29 49 23 50 84 51 33 53 87 56 65 57 62 58 32 60 44 61 7 62 31 63 39 64 19 66 99 67 91 69 77 72 72 73 6 74 98 75 75 76 46 77 40 78 90 80 68 81 76 82 31 84 63 85 64 86 23 87 6 88 16 89 97 90 5 92 47 94 7 95 34 96 52 97 56 98 91 100 57
72 1 7 3 36 4 23 5 34 6 28 7 30 9 57 11 90 12 67 13 92 14 8 15 24 16 72 17 92 19 13 20 24 21 8 22 11 23 42 24 17 25 14 26 14 27 12 29 96 30 71 31 7 32 7 34 8 35 42 36 35 37 98 41 97 42 70 43 97 44 81 45 79 46 44 47 62 50 39 51 39 52 57 53 50 54 39 55 5 56 89 58 62 59 5 61 71 63 58 64 25 65 35 67 16 68 63 71 85 72 75 73 45 74 94 75 14 79 36 82 88 84 68 85 88 86 72 87 38 90 45 91 36 92 57 95 73 97 73 98 29 99 25 100 85
96 1 90 2 80 3 58 4 84 5 80 6 85 7 53 8 28 9 38 10 85 11 87 12 96 13 63 14 65 15 87 16 23 17 32 18 91 19 32 20 6 21 97 22 22 23 26 24 90 25 55 26 19 27 6 28 32 29 61 30 89 31 63 32 39 33 73 34 72 35 77 36 81 37 42 38 31 39 83 40 37 41 59 42 6 43 22 45 6 46 9 47 16 48 65 49 5 50 65 51 28 52 54 53 85 54 72 55 79 56 18 57 46 58 64 59 56 61 8 62 74 63 60 64 72 65 15 66 29 67 64 69 14 70 32 72 87 73 41 74 17 75 94 76 88 77 26 78 29 79 52 80 66 81 44 82 33 83 48 84 10 85 92 86 31 87 7 88 34 89 41 90 45 91 50 92 42 93 81 94 46 95 87 96 76 97 95 98 54 99 12 100 80
54 2 47 5 95 7 58 10 95 14 64 16 93 18 58 19 41 20 41 22 53 23 17 25 33 28 97 30 62 33 73 34 87 37 11 38 3 42 43 45 55 48 59 51 66 52 90 53 59 58 73 59 81 60 91 62 93 65 81 67 5 68 36 69 40 70 64 71 38 72 33 73 70 74 9 75 12 76 91 80 29 81 7 84 11 85 32 86 41 87 48 88 5 90 50 91 77 92 100 93 88 94 44 95 92 98 68 100 21
50 4 9 8 75 11 87 12 13 15 7 16 56 17 56 21 29 22 78 23 49 24 3 26 68 30 79 31 86 32 97 33 45 37 63 38 25 39 94 42 72 46 49 49 73 50 100 53 3 54 19 55 68 56 43 58 89 59 94 60 39 61 100 62 1 63 11 65 59 67 23 68 46 71 96 72 32 73 15 74 92 75 87 76 77 79 92 83 13 84 68 88 82 92 50 94 4 96 66 98 23
72 1 51 2 93 3 78 4 29 5 63 6 68 7 70 9 50 10 85 11 83 12 97 13 65 14 61 15 16 16 13 19 54 20 21 22 77 23 3 24 66 28 40 29 70 30 12 31 93 32 82 33 82 35 9 36 92 37 9 38 85 42 78 43 51 44 59 46 1 47 12 48 41 49 54 51 92 52 10 53 38 54 11 56 95 57 71 58 63 59 29 62 3 63 46 64 78 65 35 66 34 67 21 68 92 70 52 72 85 73 56 74 58 78 90 80 15 81 1 84 31 85 64 86 51 87 59 88 2 89 58 90 79 92 30 93 58 96 96 97 88 98 63 99 15
52 3 80 4 66 5 30 7 20 8 64 11 74 12 78 13 91 15 25 16 52 17 19 20 85 29 44 30 79 31 77 34 65 36 66 37 84 38 69 40 59 41 87 43 38 44 58 45 91 46 70 49 64 52 63 53 71 56 94 61 24 66 70 69 68 70 72 71 82 73 71 75 18 77 63 78 83 80 71 81 95 84 67 86 4 87 93 89 53 91 86 92 75 93 40 95 47 96 69 98 71 99 17 100 80
80 1 54 2 90 4 11 5 45 6 93 7 4 9 19 10 92 11 11 12 46 13 63 14 56 15 7 16 22 17 2 18 33 19 83 21 24 22 60 23 20 24 41 25 16 26 40 27 91 28 77 29 11 31 46 32 4 35 7 36 24 38 44 41 93 42 36 44 40 45 19 46 58 47 27 50 28 51 84 52 23 53 59 54 88 55 67 56 27 57 61 58 48 59 38 60 85 61 87 62 86 63 96 64 79 68 95 69 16 70 99 71 72 73 48 74 91 75 40 76 48 77 64 79 41 80 27 81 12 82 69 83 99 84 39 85 95 87 22 88 71 89 3 91 49 92 54 93 51 94 36 95 59 96 60 98 93 99 49 100 68
77 1 39 2 84 4 69 5 85 6 73 7 95 10 39 11 13 12 16 13 84 14 80 15 9 16 93 18 21 19 91 20 96 21 39 22 93 24 33 26 48 27 76 28 69 29 79 30 7 31 47 32 47 33 95 34 37 35 98 36 35 37 25 38 93 39 24 41 34 42 84 44 11 45 100 46 51 47 51 48 81 49 89 53 6 57 23 58 29 59 15 60 42 61 97 62 87 63 93 64 63 65 75 67 3 68 45 71 48 72 98 73 8 75 18 76 82 77 74 78 36 80 79 82 64 83 59 85 58 86 11 87 98 88 2 89 51 90 79 91 98 92 9 93 85 94 3 96 39 97 95 99 2 100 7
95 1 22 2 5 3 68 4 43 5 56 7 97 8 35 9 27 10 48 11 54 13 74 14 53 15 38 16 25 17 20 18 96 19 72 20 71 21 21 22 97 23 52 24 61 25 30 26 52 27 3 28 29 29 7 30 69 31 40 32 40 34 72 35 33 36 2 37 25 38 93 39 2 40 19 41 87 42 79 43 32 44 40 45 82 46 78 47 26 48 2 49 19 50 39 51 16 52 5 53 11 54 52 55 82 56 42 57 27 58 57 59 85 60 79 61 46 62 61 63 12 64 83 65 32 66 4 67 52 68 9 69 7 70 72 71 8 72 47 73 84 74 44 75 71 76 27 77 18 78 52 79 34 81 63 82 66 83 2 84 91 85 79 86 9 87 11 88 96 89 67 90 15 91 54 92 50 93 27 95 80 96 95 97 76 98 5 99 45 100 51
67 1 80 2 76 3 76 4 29 5 81 6 20 9 30 10 4 11 97 12 1 13 77 14 74 17 71 18 74 19 32 22 2 23 49 24 30 25 16 26 89 28 36 29 97 30 48 31 79 34 13 35 51 36 49 37 23 39 45 40 64 41 38 42 60 43 31 44 48 45 26 46 21 48 73 49 21 50 28 51 11 52 79 53 25 54 43 55 61 56 81 57 49 58 73 59 92 61 54 63 22 64 33 67 43 69 33 70 31 74 5 78 39 79 82 81 17 83 11 86 77 89 3 90 2 91 1 92 33 94 11 99 57 100 80
81 2 32 3 20 4 34 5 43 6 26 8 67 10 62 12 96 13 37 14 38 15 91 17 29 18 71 19 13 20 1 21 94 22 17 24 32 25 83 26 10 27 14 28 22 29 28 30 75 32 90 33 50 34 1 35 9 36 45 37 94 38 92 39 57 40 7 41 43 43 64 46 25 48 11 49 96 50 70 51 35 52 79 53 84 54 71 55 61 56 100 57 61 58 31 60 46 61 40 62 61 63 28 64 81 65 21 66 78 67 100 69 63 70 60 71 85 72 87 73 52 74 58 75 57 76 41 78 18 79 56 80 70 81 37 84 63 85 6 87 5 88 10 89 86 90 61 91 44 92 18 93 92 94 90 96 68 97 21 99 11 100 69
56 3 9 4 74 5 6 7 21 8 49 9 60 10 99 12 72 13 77 14 47 18 78 20 46 22 47 27 85 29 70 30 94 31 66 32 32 33 89 35 85 36 80 38 57 39 62 43 78 44 74 47 56 48 47 49 60 53 22 55 4 58 67 59 14 62 20 69 97 71 86 73 100 74 49 75 47 77 64 78 62 79 19 80 62 82 9 84 21 85 42 86 10 87 31 88 74 89 48 90 38 91 44 93 83 95 9 98 56 99 87 100 3
78 1 47 2 48 4 38 5 29 7 23 8 19 10 17 12 54 14 35 15 23 16 59 17 50 18 32 19 88 20 47 21 74 22 40 23 38 24 46 26 75 27 49 28 12 29 16 30 64 31 54 32 96 34 22 35 56 36 51 37 51 38 13 39 17 40 26 41 50 42 41 43 52 47 7 48 14 49 83 50 80 51 57 52 8 55 24 56 86 57 42 58 85 60 65 61 75 62 94 65 29 66 48 67 84 68 15 69 8 70 9 72 49 73 70 75 12 76 6 77 45 78 86 80 63 81 15 82 62 83 9 87 74 88 38 90 22 91 45 92 57 93 39 94 14 95 66 96 16 97 49 98 97 99 52 100 10
71 2 22 3 80 4 63 5 93 7 94 8 79 9 15 11 31 12 37 14 1 15 22 17 42 18 49 19 88 20 49 21 60 22 78 23 59 24 51 26 11 27 7 29 69 30 51 31 59 32 14 35 91 36 35 38 64 39 55 42 47 43 4 44 58 45 65 46 1 47 66 48 95 50 73 51 83 52 60 54 7 55 9 56 62 59 97 63 41 64 95 65 51 66 32 67 23 68 52 69 84 75 11 76 84 77 6 78 25 79 59 80 87 81 94 82 41 83 45 86 87 87 51 88 91 89 55 91 38 92 21 93 71 94 33 95 16 97 58 98 59 100 80
60 1 58 2 43 3 91 4 53 8 39 9 31 10 89 11 62 13 87 18 48 19 95 20 99 21 5 23 65 24 17 25 76 29 21 31 79 33 3 34 90 35 81 36 35 37 7 38 99 40 51 43 53 44 37 45 62 47 29 48 95 49 70 50 11 51 91 52 94 53 50 55 51 57 9 60 20 61 11 62 20 65 44 68 45 69 98 70 40 71 6 72 31 74 70 76 57 79 14 82 64 83 27 84 40 85 90 89 58 91 51 94 91 95 80 98 9 99 34 100 89
74 1 53 3 22 4 87 5 99 6 97 8 81 9 16 15 22 16 27 18 67 20 97 21 3 22 51 23 22 24 42 25 82 26 94 27 24 28 72 29 41 30 51 31 52 33 73 34 1 35 80 36 68 37 75 38 67 40 90 41 79 42 11 43 26 44 28 45 54 46 81 47 86 52 41 53 58 54 11 55 11 56 36 58 57 59 87 60 73 64 37 65 41 66 87 67 82 68 97 70 79 71 58 72 46 74 71 75 22 76 31 77 40 78 23 80 90 81 67 82 97 84 13 86 70 87 15 88 10 89 47 91 48 92 7 93 84 95 24 96 50 97 82 98 84 99 52 100 51
63 1 22 4 28 5 94 6 94 11 93 12 86 13 72 14 53 16 32 17 92 18 54 19 10 20 82 21 25 22 98 24 26 26 82 28 70 29 20 30 48 32 17 33 80 34 62 36 13 37 21 38 18 39 98 40 47 41 56 42 64 43 73 44 89 45 8 46 67 48 51 51 71 52 57 54 56 55 75 56 11 58 17 60 71 61 16 62 96 66 41 68 21 71 51 72 37 73 46 74 51 75 16 76 28 81 5 82 68 83 20 84 51 86 43 90 3 91 93 92 42 98 80 99 41 100 72
52 2 80 3 74 5 22 6 19 7 58 10 53 11 97 12 32 14 55 15 41 18 22 20 68 21 47 26 81 27 87 32 13 33 20 34 10 35 11 36 56 39 44 40 68 43 92 48 10 49 31 50 7 51 60 53 9 55 41 59 87 61 53 64 35 65 25 66 74 68 57 71 31 73 4 75 77 76 7 78 88 79 99 83 58 84 42 85 90 86 76 89 26 90 4 91 3 94 41 95 46 96 29 99 63
91 1 86 2 25 3 59 4 5 5 10 6 26 7 16 8 97 9 46 10 60 11 21 12 33 13 8 14 52 16 52 17 48 18 91 19 28 20 51 21 100 23 9 25 76 26 54 27 43 28 12 29 73 30 33 31 15 32 85 33 11 34 73 35 78 36 74 37 28 39 54 40 39 41 26 42 54 43 34 44 26 45 82 47 8 48 61 49 61 50 73 51 26 52 84 53 80 54 27 55 22 56 41 57 22 58 99 59 31 60 32 61 67 62 22 64 59 65 78 66 95 67 96 68 51 69 99 70 33 71 6 72 87 74 89 75 60 77 16 78 99 79 98 80 64 81 29 82 16 83 30 84 55 85 25 86 84 87 90 88 66 89 68 90 53 91 23 92 89 93 73 95 92 96 11 97 22 98 79 99 2 100 46
63 4 61 5 52 6 73 7 7 8 72 10 72 12 41 13 43 14 51 15 23 16 47 19 64 22 68 23 100 24 48 25 71 27 36 30 12 31 8 33 23 34 39 35 23 37 68 38 76 39 41 40 75 43 39 44 24 47 25 48 1 49 94 50 25 52 6 53 7 54 46 55 2 57 19 59 15 61 19 63 41 65 86 70 35 71 10 72 56 73 18 74 13 75 42 76 99 77 6 78 43 82 1 84 93 85 71 87 36 89 63 90 76 91 1 92 90 93 94 95 86 96 28 98 49 100 55
50 2 1 3 31 7 48 9 60 11 48 12 81 15 51 17 88 19 12 20 34 21 60 24 52 25 9 28 12 29 40 30 90 31 20 32 54 34 4 35 93 40 38 41 56 43 68 45 12 46 26 48 48 50 97 51 47 52 91 53 4 54 65 55 44 56 77 57 79 60 82 69 50 75 85 76 36 80 43 82 75 84 8 85 30 87 55 88 2 91 9 92 29 94 34 96 85 97 92 100 89
75 1 83 4 100 5 47 6 65 7 15 8 22 9 47 10 18 11 66 12 45 13 56 14 23 16 71 17 80 18 18 19 54 20 44 21 98 22 93 26 99 27 79 28 45 30 15 31 9 33 56 34 79 35 51 36 11 37 37 38 4 42 50 44 5 45 79 46 61 47 31 48 22 49 35 52 93 53 38 54 57 55 78 56 60 57 77 58 73 59 26 60 24 62 79 63 66 64 1 65 90 67 89 68 13 69 48 70 45 71 55 72 49 73 56 75 53 76 52 77 45 78 79 79 83 80 24 81 41 82 94 83 3 85 24 87 58 89 68 90 43 91 46 94 87 95 74 99 19 100 2
64 1 98 2 95 3 77 4 58 5 31 6 5 7 63 8 32 9 38 10 82 13 87 14 54 15 79 19 65 20 88 21 45 22 54 24 33 25 96 27 54 32 18 33 29 34 83 35 9 36 65 37 33 38 60 43 76 44 53 45 90 46 31 48 93 49 73 50 74 52 29 53 85 54 46 55 89 56 10 58 80 59 41 60 69 63 79 65 86 66 3 67 4 70 40 71 45 72 13 73 11 74 81 75 14 76 95 77 19 78 1 80 56 85 11 88 59 89 39 90 49 92 53 96 37 97 33 100 22
60 1 63 2 64 3 35 4 12 5 93 6 60 7 17 9 59 11 57 12 57 13 52 16 98 23 31 24 78 28 83 30 7 32 7 33 47 34 91 35 95 37 62 39 85 42 89 43 55 45 13 48 98 49 54 51 41 52 92 53 41 54 73 56 6 57 50 58 52 61 93 62 15 63 89 65 67 66 49 67 19 70 86 72 86 73 94 74 33 75 14 77 32 80 57 82 33 84 32 85 64 86 61 87 28 89 27 91 24 92 96 96 76 97 54 98 58 99 93 100 86
65 1 87 3 93 4 94 5 1 6 22 8 14 9 87 10 91 12 90 13 60 14 29 15 36 17 82 18 59 20 75 23 8 24 37 27 61 28 85 29 38 30 74 31 80 32 90 36 45 39 19 40 67 41 36 42 52 44 53 45 91 46 81 48 48 49 47 50 36 51 23 53 68 55 76 56 8 57 80 58 89 59 65 61 29 64 39 65 68 68 10 69 25 71 85 72 28 73 19 74 46 77 13 78 91 79 79 80 53 81 73 82 39 83 51 85 22 86 8 87 30 91 34 92 83 93 47 98 43 100 51
64 1 8 2 22 4 46 5 74 7 86 9 34 10 59 11 80 12 62 13 83 14 70 16 7 17 26 18 16 21 9 24 55 25 56 28 29 29 89 32 47 33 32 35 8 36 20 38 96 39 50 40 23 41 79 42 79 46 61 47 38 48 25 49 25 50 90 51 85 52 98 53 21 54 39 56 99 57 86 60 78 61 100 62 32 63 64 64 89 66 23 68 32 70 50 71 61 72 17 73 1 75 54 78 21 82 96 83 58 84 42 86 32 88 75 89 22 90 18 92 30 94 62 95 87 96 31 97 18
53 1 32 4 9 6 23 8 32 15 46 16 90 17 11 18 10 19 25 20 4 22 9 23 29 26 52 28 76 29 93 30 98 32 51 33 25 35 53 36 86 38 93 40 100 42 33 43 89 49 54 50 94 52 22 56 79 58 69 59 70 60 56 64 29 65 13 66 68 67 35 68 73 69 4 71 51 72 54 75 35 76 71 82 74 83 41 86 44 87 72 90 93 92 47 93 25 95 16 97 78 98 3 99 96 100 42
52 5 74 7 37 9 33 10 56 11 15 13 65 14 68 18 71 20 100 30 61 32 60 33 45 35 45 38 97 39 40 41 25 44 56 45 60 46 50 48 23 51 77 52 98 53 56 54 36 55 3 57 1 58 21 59 93 61 100 62 1 63 78 64 41 66 21 67 71 68 95 70 52 73 38 74 64 77 72 79 14 81 26 82 68 84 83 85 59 87 14 88 36 89 9 93 23 94 8 97 85 99 2 100 44
97 1 64 2 20 3 52 4 40 5 60 6 36 7 78 8 51 9 13 10 15 11 14 12 93 13 30 14 65 16 88 17 85 18 97 19 40 20 84 21 100 22 69 23 73 24 76 25 54 26 46 27 19 28 83 29 24 30 33 31 63 32 1 33 69 34 42 35 82 36 3 37 42 38 63 39 11 40 88 41 35 42 21 43 34 44 17 45 70 46 71 47 93 48 18 49 11 50 99 51 94 52 23 53 3 54 47 55 21 56 83 57 41 58 41 59 81 60 45 61 10 62 48 64 6 65 36 66 35 67 23 68 66 69 13 70 35 71 1 72 99 73 89 74 18 75 26 76 32 77 36 78 44 79 77 80 66 81 94 82 93 84 80 85 66 86 97 87 37 88 52 89 32 90 47 91 88 92 17 93 71 94 1 95 86 96 99 97 33 98 62 99 79 100 15
78 1 56 3 91 4 60 5 63 8 58 9 98 10 49 11 59 12 74 14 65 15 3 16 6 17 82 18 37 19 38 22 86 23 1 24 69 25 92 26 96 27 93 29 93 31 52 32 41 34 98 35 23 36 67 37 47 38 79 40 52 41 27 42 78 43 67 44 67 45 45 47 82 48 44 49 84 51 86 53 53 54 72 55 23 56 11 57 14 58 44 59 47 60 36 61 2 62 64 63 57 64 64 66 18 68 70 69 36 70 82 71 7 72 17 73 6 74 47 76 96 77 84 78 45 81 50 82 14 83 95 84 79 86 14 88 62 89 93 92 73 93 54 94 86 95 98 96 52 97 27 98 98 99 91 100 12
86 1 88 2 90 3 36 4 91 5 55 6 28 7 75 8 97 9 68 11 74 12 10 13 15 14 35 15 4 16 22 17 66 18 11 19 64 20 65 21 46 22 69 23 32 24 92 26 17 30 43 31 3 32 59 33 38 34 94 35 12 36 37 38 51 39 94 40 79 41 82 42 66 43 33 45 62 46 66 47 27 49 57 52 49 53 34 54 61 55 28 56 15 57 9 58 32 59 78 60 79 61 15 62 26 63 82 64 12 65 85 66 70 67 2 68 49 69 13 70 35 71 72 73 71 74 98 75 91 76 8 77 80 80 14 81 35 82 60 83 99 84 3 85 51 86 28 87 50 88 83 89 3 90 89 91 42 92 54 93 62 95 95 96 19 97 83 98 65 99 63 100 83
52 1 88 2 59 4 38 6 49 7 12 9 36 11 78 12 37 14 84 15 18 16 47 19 40 20 77 21 89 22 54 23 83 24 63 29 74 32 76 35 18 36 84 37 52 40 98 41 68 42 32 43 58 45 32 46 88 49 59 54 29 55 85 57 20 59 66 61 84 63 67 66 57 70 26 72 71 73 29 77 72 78 85 79 54 81 35 83 12 84 30 87 61 91 52 94 13 95 34 96 23 97 55 98 83
88 1 59 2 87 3 72 5 100 6 67 7 9 9 50 10 6 11 4 12 43 13 8 14 89 15 94 16 13 17 53 18 34 19 88 21 70 23 86 24 9 25 86 26 69 27 26 28 60 29 24 31 22 32 87 33 24 34 89 36 98 38 11 39 85 40 21 41 6 42 62 43 56 44 86 45 85 46 39 47 17 48 22 49 8 50 29 52 23 54 15 55 14 56 12 57 72 58 37 60 6 61 73 62 83 63 27 64 17 65 64 66 98 67 85 69 2 70 30 71 50 72 12 73 22 74 41 75 11 76 96 77 64 78 75 79 73 80 34 81 23 82 89 83 98 84 10 85 6 86 40 87 66 88 20 89 58 90 2 91 80 92 20 93 73 94 43 95 58 96 15 97 69 98 38 100 40
84 1 19 2 53 3 49 4 52 6 28 7 74 8 23 9 43 10 77 11 27 12 75 13 37 14 100 16 74 17 99 18 7 19 65 21 67 22 55 23 77 25 36 26 8 27 94 28 61 29 87 30 51 31 73 32 22 33 63 35 5 36 15 37 70 38 64 40 38 41 53 42 19 43 45 44 41 45 73 46 83 47 40 48 23 49 48 50 91 51 60 52 8 53 52 54 70 56 55 57 59 58 21 59 85 60 28 63 91 65 2 68 96 69 3 71 47 72 13 73 11 74 51 75 65 77 62 78 39 79 61 81 55 83 70 84 10 85 69 86 5 87 17 88 89 89 83 90 98 91 39 92 3 93 10 94 97 95 86 96 55 97 64 98 80 99 53 100 79
52 2 87 3 57 4 32 5 22 6 64 9 80 10 58 11 32 14 94 15 82 19 73 22 98 23 13 27 84 30 63 32 97 34 42 36 25 38 38 39 46 40 3 43 88 44 63 46 72 47 2 51 41 52 60 54 87 55 34 58 44 61 7 62 80 63 86 64 30 66 94 68 6 69 2 72 55 73 79 75 16 77 40 78 17 79 54 81 60 82 43 85 54 87 99 89 62 92 18 95 6 96 21 100 57
77 1 58 2 75 3 7 4 13 8 2 9 23 10 35 11 34 12 48 15 89 16 100 18 47 19 35 21 81 23 35 24 88 25 53 26 16 27 12 28 91 30 68 31 21 32 79 33 88 34 26 35 12 36 67 37 71 38 5 39 39 40 55 41 87 42 33 43 68 45 43 46 41 47 80 48 33 49 25 50 71 51 81 52 45 53 89 54 76 56 14 57 49 58 21 59 28 60 95 64 24 65 93 66 43 67 9 68 67 69 48 70 39 71 4 72 2 73 63 74 60 75 42 76 35 77 18 78 26 79 62 80 6 81 80 83 59 86 11 88 54 91 31 92 34 94 92 95 57 96 10 97 43 99 57
56 1 35 2 8 4 99 5 54 6 19 7 57 11 39 12 52 13 82 17 87 21 12 22 3 25 59 26 33 27 28 28 38 30 17 31 1 32 44 33 4 36 60 38 24 39 92 42 56 43 71 45 97 46 84 47 71 53 90 54 89 56 90 57 10 59 82 60 36 61 31 65 49 67 60 70 93 71 52 72 64 73 46 74 69 75 40 77 30 79 81 81 94 82 62 83 99 87 98 89 59 90 21 94 90 95 72 96 93 98 5 100 13
51 2 27 4 10 6 44 7 40 9 6 11 54 14 87 16 5 21 58 22 44 24 32 25 17 26 30 27 59 28 47 30 15 31 7 33 3 34 69 38 80 40 82 41 30 42 47 43 87 45 25 49 73 50 93 53 40 54 42 58 77 59 58 60 78 61 16 62 58 64 44 67 47 68 65 70 11 71 13 79 30 82 36 83 49 84 62 85 38 88 17 89 90 90 23 92 68 94 44 97 51 100 84
75 1 3 2 74 3 20 4 57 6 77 7 15 8 73 9 37 11 46 12 7 13 88 15 4 16 30 18 2 19 47 21 1 22 37 23 67 24 10 25 67 27 86 28 44 30 6 31 80 32 87 33 32 35 7 37 42 38 95 40 57 42 17 43 53 44 50 45 94 46 17 47 39 48 69 49 51 50 19 51 84 52 69 53 83 54 48 55 94 56 38 58 21 59 57 60 97 61 34 62 17 65 6 66 31 67 95 69 19 70 55 71 14 73 46 74 92 76 19 78 27 80 86 81 42 82 25 84 62 85 4 86 21 88 95 90 77 91 20 93 15 94 95 95 79 96 76 98 77 99 5
98 1 88 2 1 3 88 4 87 5 29 6 44 7 97 8 34 9 82 10 76 11 45 12 25 13 37 14 31 15 95 16 41 17 89 18 73 19 62 20 68 21 100 22 21 23 70 24 68 25 10 26 24 27 44 28 24 29 55 30 41 31 22 32 16 33 88 34 40 35 68 36 78 37 74 38 74 39 95 40 55 41 92 42 8 43 33 44 64 45 97 46 86 47 34 48 49 49 16 50 84 51 78 52 44 53 44 54 13 55 94 56 20 57 58 58 25 59 13 60 73 61 48 64 59 65 92 66 68 67 18 68 9 69 78 70 94 71 73 72 50 73 19 74 47 75 30 76 74 77 34 78 10 79 21 80 31 81 37 82 75 83 33 84 90 85 96 86 58 87 11 88 51 89 59 90 96 91 57 92 61 93 1 94 95 95 30 96 61 97 76 98 53 99 3 100 44
69 1 9 2 33 3 87 5 84 7 7 8 93 10 38 13 43 14 77 19 92 20 7 21 19 24 7 26 54 27 89 29 81 30 24 31 20 35 78 36 43 37 19 38 17 39 30 40 13 41 75 42 52 43 34 45 63 46 6 47 51 48 88 51 48 52 74 53 71 54 68 55 93 56 13 58 8 59 93 60 39 61 37 62 98 63 33 64 69 66 47 69 17 70 5 72 12 73 40 74 56 75 9 77 74 78 66 80 64 81 13 82 74 83 14 84 84 85 36 86 38 88 54 90 85 91 17 92 17 93 64 95 38 98 58 99 87 100 80
