40
80 92546 63 97611 79 95737 30 92324 35 91158 20 94440 45 91668 40 98421 8 93219 24 91584 11 97214 55 92429 18 96851 32 93994 81 93890 57 91038 51 90013 94 99463 43 90084 88 97415 57 96825 40 94224 34 95408 90 94320 56 96841 25 97212 51 92816 24 98494 24 95197 12 98447 68 99320 78 94977 32 97620 40 95471 79 94210 1 93914 33 95834 30 93818 54 97950 89 92073 4 92713 84 95379 55 93003 58 97088 95 95333 12 90869 27 97570 23 92195 46 99437 57 94373 72 97393 5 97855 42 96086 92 92406 46 91436 81 97291 11 92485 28 92774 73 96448 62 99856 44 95256 66 93405 77 90343 89 98162 44 96752 64 97429 38 91286 92 96034 48 91323 41 91026 93 97393 0 98016 33 95476 83 91407 45 97493 34 91070 58 95839 40 97339 32 97135 26 97117 31
51 99241 90 99596 48 90988 13 97354 49 96577 49 96309 70 90328 24 92734 26 97461 7 94958 11 90238 41 95265 53 98478 89 98784 70 98986 99 95273 59 94669 93 92443 85 98660 2 97998 79 98635 22 92259 94 90979 11 96984 20 99131 30 99165 0 95286 1 96421 63 91120 5 92752 10 95377 43 98807 75 94841 35 95927 88 90555 17 99646 22 94924 4 91602 80 93389 76 95133 92 91385 85 91966 0 99158 63 98725 21 91223 5 92789 97 96355 29 92597 43 90020 47 97012 97 91930 49
66 97261 28 92706 15 95596 13 95116 14 90909 96 98608 72 91536 94 94336 57 99093 33 96026 16 93850 48 97908 49 90661 77 97604 52 98646 19 97775 81 92864 14 93403 52 98371 4 92261 36 95378 67 95588 13 98123 52 90161 53 99998 90 91401 46 93560 7 96707 14 90194 27 94954 79 90132 25 92541 60 99195 7 93085 20 99425 61 93881 9 95677 71 97405 44 98335 27 90460 87 93575 67 90640 6 99726 67 92688 19 94176 92 94160 15 93469 61 91284 24 92403 94 96178 32 97941 58 98428 12 92398 47 91905 60 94618 77 94795 55 93642 70 93494 85 97316 29 99792 34 90128 2 91104 55 92399 97 98844 73 98748 99 94068 45
70 97474 44 91612 3 94220 86 96436 70 94503 32 90297 2 93168 18 96760 32 93951 29 94484 88 98561 79 92693 19 96159 90 98457 54 98071 30 92387 13 90510 94 92768 6 91764 26 90277 83 93043 27 95208 48 96503 78 93778 59 92042 71 95693 31 97523 19 96949 60 98569 16 92638 53 95030 84 94884 60 93215 63 96864 27 91342 99 98051 29 90366 35 93881 38 96073 94 94243 61 96556 6 90388 37 98671 14 90776 13 92877 59 92933 35 90118 54 90940 62 98518 48 97758 21 97379 9 96892 30 90745 53 92986 27 90065 39 90605 90 90378 2 91989 8 90562 82 90168 18 92449 83 97988 62 90563 10 99845 33 96575 96 98668 17 96607 41 97768 30 93007 50 92573 43
83 99318 56 98261 50 95803 17 93338 23 97511 54 95895 40 91624 96 93120 55 95683 43 96999 95 93205 9 99102 27 94081 34 91491 85 92123 76 91987 30 92338 87 93836 6 94649 49 95422 65 99380 31 95699 6 91796 25 94553 48 91688 31 99110 41 91683 9 96105 1 95779 87 96231 7 90586 29 92893 66 93536 84 99231 32 96085 65 98078 47 94960 5 93973 40 94835 2 97871 96 90910 76 99536 33 96035 23 91862 40 90437 31 91280 37 91071 91 94026 40 96919 74 92501 15 93850 53 95641 49 98134 59 96076 67 91852 86 92441 22 93714 38 94870 5 98842 62 92466 93 99276 39 97734 97 93195 59 99668 21 93687 52 96794 64 99365 66 97892 63 98865 18 91616 20 96435 24 90799 73 99799 49 96982 67 91042 79 97929 56 94623 47 90795 40 98043 53 90352 14 97953 78 95742 91 90027 81
72 98218 61 98294 20 91756 23 99958 6 96571 66 94209 19 98880 86 95823 75 99936 9 97520 55 93675 41 97425 77 97301 66 93129 7 98841 98 91407 25 93652 25 96362 30 94791 97 96781 80 99973 8 90779 41 97589 85 98174 34 92822 29 92551 63 94413 36 93938 16 95078 48 92115 81 94938 84 98127 61 98828 99 96667 98 92881 23 98732 77 94212 18 92318 41 91345 0 99616 20 90879 22 95297 98 92021 4 98682 94 91945 83 97364 2 91651 13 99381 62 96633 35 94151 34 99624 69 95240 99 93840 33 91624 92 97210 72 95963 84 92228 50 92499 53 92203 54 94958 56 90472 14 92892 20 97366 15 96212 19 98185 66 97448 20 90212 87 95695 11 94384 98 93613 0 99923 84 96569 0
62 97854 53 97276 9 96945 74 93508 34 96270 16 95994 16 97395 1 97100 77 92482 72 97095 48 93124 30 93855 39 92877 88 97392 12 98346 2 92486 21 95140 52 97056 0 98245 10 97272 69 90991 44 96840 94 99054 91 94419 27 97426 37 99619 91 96939 57 92897 36 94520 80 94687 92 98490 67 99682 23 95932 81 90769 42 99495 69 99940 48 93955 94 98258 6 94338 15 96954 19 90418 22 98906 23 90447 15 92200 69 95677 21 98826 23 92724 19 90893 39 98095 95 93592 36 97436 29 91923 6 92328 35 93540 23 97846 76 99383 11 97872 14 90077 27 98084 28 96364 84 97985 79 95723 57
51 92885 80 93188 7 95922 34 97398 54 93840 28 95095 75 98880 97 96497 46 95355 95 90712 91 91760 81 92009 72 96231 2 91081 90 90289 57 93603 13 97188 69 96932 27 97926 69 96962 8 96132 97 94861 6 92084 86 95685 31 96366 29 91237 39 95651 77 90977 19 95470 44 91589 48 91190 90 91131 55 99110 63 95980 89 92501 33 90714 7 95361 78 91448 75 97784 32 94961 94 97264 83 93957 0 97023 10 96846 46 95614 91 98457 17 95824 66 95781 86 93079 92 99315 65 95171 35
69 93638 54 97622 14 98708 26 99618 30 97592 51 95587 69 99130 28 99427 13 94675 55 99483 85 96032 41 94090 47 98828 28 94196 80 93603 12 98187 17 99750 99 96629 68 93237 54 98356 79 99138 99 91490 19 93094 79 96170 34 93325 73 96180 70 98272 99 91384 11 96241 0 96633 74 98738 56 97129 69 97889 75 91655 49 91324 35 99045 77 91655 38 93703 62 97901 89 90604 15 95200 0 95459 25 90040 79 93931 56 99071 94 94262 54 99134 26 93157 76 95053 65 98430 82 99814 66 97591 45 93436 27 93139 5 90570 30 92029 4 97597 43 94148 22 91565 70 92975 22 95888 8 99565 83 99594 6 91140 75 92362 92 95989 10 99120 55 99814 45 97271 79
70 96234 87 92782 41 90014 66 94828 48 98941 77 99053 73 91252 39 98606 10 90344 95 90923 91 99662 18 93869 20 90707 78 94704 78 90461 96 90163 99 95617 49 92112 96 96219 81 93346 75 91324 36 99844 85 92499 91 90619 73 92788 64 92517 64 92996 15 93556 21 98051 22 90597 16 93545 47 91037 6 99821 28 91439 80 94790 92 94800 86 97811 31 92721 52 97377 93 90263 56 99271 25 90989 68 94808 63 91734 8 93686 77 96420 9 91424 62 92891 69 96791 59 98445 37 95928 60 95229 55 91096 59 91465 80 99581 82 90026 75 94844 48 97563 35 92099 87 94595 87 94930 81 92603 88 98787 39 99251 53 97493 56 90086 71 96289 78 92321 56 92671 90 91838 22
78 94086 44 90572 19 99819 93 98013 23 91235 77 93339 2 95343 18 92965 81 91179 53 95987 64 92236 42 96329 43 96908 12 98141 17 94465 91 96983 45 90351 47 96309 66 94345 1 98090 53 99878 88 92924 41 98944 41 91059 45 94523 85 96952 61 98631 74 92212 71 94926 5 99759 97 97372 70 93940 58 94975 4 99196 91 94867 46 90580 91 92046 41 90037 57 94802 89 99734 46 98024 17 90412 42 99308 38 91113 73 90229 84 92115 1 95001 49 90777 26 97813 16 90174 66 92181 83 95984 54 94105 19 94604 75 96699 52 93596 80 92406 96 99182 41 93451 31 94780 28 98199 69 96328 97 96204 28 96388 46 98103 57 95258 95 90758 24 96655 96 91649 52 98287 72 91565 78 99564 16 97103 97 92633 97 92074 86 98782 84 92305 32 94118 85
73 98883 12 92665 73 91706 10 97569 85 95777 53 91078 61 93995 82 93319 33 96606 96 94204 61 96486 12 97993 28 97070 49 96175 68 99064 20 92477 42 95075 10 97561 18 92240 75 92116 60 96842 45 97806 0 98863 6 94483 76 97162 9 91709 77 93147 72 96321 51 91478 35 99556 90 91278 17 97767 85 93186 76 97329 66 94047 94 97476 99 99003 78 95961 22 91639 68 99510 40 95324 12 92394 84 94084 33 97210 96 99353 81 99065 80 91402 82 98717 40 95901 8 94096 99 94643 96 97946 46 98447 82 96578 47 90584 92 98084 40 90257 87 93877 1 94441 34 95061 61 92559 85 94190 8 97872 7 92712 78 98132 56 90125 13 91427 47 99253 20 94703 75 90507 81 96104 44 94560 96 90885 63
67 92596 61 90659 62 96973 88 95900 49 93431 10 97385 11 90387 41 98522 18 91906 92 90331 21 98919 37 96179 51 91244 33 96275 66 98890 60 95850 93 97510 83 98956 60 99161 44 91425 61 97547 62 98582 26 99831 17 98639 51 96829 30 92746 38 93114 0 97901 68 94143 5 98498 73 94708 20 96657 16 99556 60 92122 98 92884 42 94499 86 97860 6 98200 50 98185 68 93278 37 90885 12 91487 1 91554 38 96710 74 95582 99 91810 46 94508 29 95084 34 97779 9 95825 45 93771 62 99493 62 95025 1 98615 63 94416 66 90149 50 96021 94 98024 25 92838 85 97063 17 94634 26 93540 20 90601 88 93556 79 98087 45 97957 37 98422 1
89 97019 76 99649 83 97785 81 92330 22 92645 70 94228 99 94077 14 92323 73 97916 92 97860 65 97064 34 90049 67 99173 92 93375 93 90288 86 96374 55 97375 57 96709 95 93909 66 98611 2 93565 27 95382 39 99217 48 97278 30 90946 21 97771 71 99016 16 98253 9 94767 41 98251 81 90756 76 92542 23 98668 26 90413 98 93980 7 98604 7 94458 9 90846 32 94591 76 97322 89 93163 93 99065 25 99407 46 91677 9 90933 55 92993 0 94690 45 91570 98 92415 14 99332 21 97148 27 95979 86 97079 88 90027 94 91455 24 96917 45 97149 38 98529 59 95855 29 95572 82 93976 90 98165 89 98520 26 94515 48 93755 53 90504 96 97920 43 96730 6 94392 64 95046 17 98960 36 98776 51 91790 96 98490 15 95097 85 91061 1 93114 4 96869 47 98934 57 91083 18 96096 18 96781 71 92761 30 97566 71 91033 51 92396 36 90004 4 95027 97 92634 38
53 97896 88 93366 19 98977 56 90721 27 92813 59 95262 65 96129 72 96434 29 93918 4 96276 85 98662 96 98380 88 92522 8 90415 78 92396 48 98195 63 96589 61 91245 53 91642 67 92651 61 98542 57 93979 14 93396 86 92256 75 96739 96 99680 79 90793 58 95027 91 99025 65 92675 31 93390 17 94934 60 91401 73 98037 82 92518 28 90588 90 96647 57 95452 72 99296 80 97826 93 90360 28 95297 39 98678 89 90183 83 93734 39 98330 46 92493 71 90121 6 93405 36 90345 20 99156 51 98527 77 94219 12
70 99867 97 94671 48 97730 43 93524 40 94881 31 99648 34 96902 44 90256 92 92319 87 92592 76 99589 78 97695 42 96786 58 90696 89 98038 33 91816 39 91487 26 98688 4 90050 1 90632 27 99194 94 92515 32 97743 88 96571 11 91122 67 97949 32 92073 89 96954 69 93808 34 95447 48 99462 23 92591 3 93010 6 92925 81 93700 73 95766 66 98002 91 98931 25 90611 1 96500 91 95924 98 96009 16 97933 66 99378 10 97482 5 91716 36 99546 10 98652 11 92996 49 91222 52 98059 39 99763 66 91274 98 96513 84 90098 76 90354 41 97851 32 98155 57 93493 30 94479 16 97794 86 98577 12 92761 98 97842 25 92008 73 94473 6 97188 80 96857 51 95022 96 96698 49
52 97776 28 92325 21 93482 8 97886 20 98727 86 91064 89 96912 53 99804 48 99468 46 93643 95 92988 94 91345 21 99874 9 97688 5 96258 35 95209 41 98063 24 96516 92 94876 83 94416 74 93785 48 99698 88 99148 94 93338 88 90648 26 91555 86 95961 35 97241 12 98631 74 99097 80 99348 98 99777 48 97789 25 97332 6 93404 41 99288 57 91374 49 95448 16 94520 37 98902 91 96424 45 93851 51 90938 47 92886 38 95080 6 93952 22 99490 49 95973 58 97069 47 95956 36 94051 80 90613 69
51 99454 65 90277 69 97440 17 90613 63 92909 1 99171 44 97753 27 96620 88 93996 30 90498 39 92602 15 94808 13 94227 34 94581 74 90303 6 96330 5 94509 81 90167 52 99392 85 91977 61 91695 7 97550 17 93486 44 96115 18 90059 86 94314 98 90248 61 92095 64 91947 88 99709 67 93024 38 98392 23 94207 40 98621 96 96627 8 90070 10 91116 66 90313 60 90904 73 92203 90 97855 51 97336 35 92447 52 93904 17 98594 90 90723 68 95648 87 91150 30 99940 89 94416 15 99152 37
57 90715 99 96111 5 92423 5 92342 82 99935 77 92399 24 95124 24 96165 47 99687 94 99437 62 94112 83 91118 86 91940 13 90102 57 90009 98 97770 9 93568 44 96484 76 95632 98 98792 11 95753 40 91101 75 98794 59 97227 87 93075 10 97553 54 93931 60 98610 81 94955 84 96057 47 90737 60 98335 0 94916 68 91382 1 90498 64 93619 50 99669 95 98385 16 96123 38 94825 85 99617 51 99561 81 95127 50 91532 68 95332 88 93777 5 97328 88 94144 17 90216 75 98143 56 97902 33 96380 95 98191 84 90419 28 97561 20 94548 35 91353 33
54 91597 68 99374 64 98876 9 98748 54 94557 92 97896 79 93603 96 98605 80 99064 65 95382 91 94761 67 95326 50 92381 9 90918 41 93869 18 97840 87 96817 42 98408 48 94514 76 91242 85 95226 38 90394 39 94308 14 92014 45 98442 27 91289 16 94746 50 93851 39 98453 69 95616 63 94749 28 95961 88 92321 59 95213 27 93500 9 91089 77 97914 44 93607 92 92789 99 90005 75 90380 3 92518 74 93295 73 96991 47 93684 55 97965 75 95871 27 93505 37 91573 96 90013 1 93831 57 94067 52 93638 95 98024 81
54 96650 11 94715 23 98474 51 92526 72 97394 90 91395 26 99478 12 96227 50 91951 29 96484 98 96891 3 94878 19 93625 75 97104 38 91699 56 93619 81 92900 66 91409 60 96688 68 96662 6 98906 9 93789 60 90866 36 93914 99 94538 82 91322 92 99197 18 90181 62 93562 2 93582 73 99792 4 92339 67 95818 21 99210 59 92782 27 95264 2 97688 68 91902 44 99771 72 90695 5 94957 53 96183 5 91965 14 96480 78 92261 22 91995 9 94630 14 99039 14 98270 84 94716 58 99267 79 94469 25 97144 62 94863 89
77 95339 82 98707 71 92180 41 99669 81 90796 75 97611 80 92017 29 91168 78 95590 42 93170 49 92225 29 94391 25 99884 4 96326 45 92786 5 99859 74 92791 64 97196 30 92633 7 97743 21 96439 4 95727 90 94588 41 92428 59 96094 32 98743 52 90313 54 97326 71 98799 48 96168 29 92584 32 93514 92 97488 77 93668 32 90080 66 91055 76 92853 18 93931 70 93643 58 98064 52 92215 41 94103 99 98142 80 97934 10 92052 33 93640 53 91563 78 90900 70 95541 33 93194 88 95136 54 95879 85 96061 88 99407 62 92346 14 98980 60 90513 1 90303 63 91087 20 96436 85 95302 8 91621 29 91479 0 95294 91 99590 87 91827 23 92591 12 91205 53 95946 52 99267 46 92380 50 94724 60 99076 94 97082 90 95282 70 96393 90 97308 64
86 97357 48 96144 28 93747 20 94300 91 95700 5 92445 33 90770 69 96965 60 94878 43 92385 10 94393 13 90322 69 94761 48 96353 33 96489 37 92110 42 93701 68 94835 60 99566 7 93708 15 94556 7 99961 3 90899 77 90034 85 92078 41 90853 96 98923 86 95001 86 97940 36 99160 95 99551 74 93123 35 92456 88 95969 0 95581 57 98995 52 94441 8 99912 86 97471 28 98691 37 95968 47 97361 81 98700 59 97911 56 95466 36 99188 27 92043 47 92414 25 96426 33 98657 44 91415 84 95849 93 98595 82 94494 52 93432 71 98790 33 99342 45 96498 94 98824 35 93242 17 95780 47 97352 65 93860 12 95110 12 99998 30 92670 90 92109 67 91803 22 92349 60 92629 66 94293 52 97569 75 95363 2 98508 19 90035 96 99401 49 91705 7 93987 30 98368 0 96453 57 91167 99 99137 59 98512 61 94197 32 93654 23 97328 50
78 98997 1 90097 3 95696 79 94285 40 96211 13 98399 89 94490 72 92176 37 93766 13 91505 5 90848 64 93758 62 96256 74 92628 64 99156 44 96889 11 96863 37 96917 60 90016 52 98130 29 99176 23 90193 30 95982 6 96765 68 91962 35 98382 30 96258 53 92250 61 99671 0 92158 69 96785 69 94738 44 97232 58 90977 50 99525 1 92044 11 92203 61 95540 28 93497 2 94421 88 90370 91 92348 57 97735 46 99022 14 92334 93 97733 69 90289 37 90447 25 93930 37 91479 92 91661 21 96273 22 98581 41 97789 37 93364 44 98752 60 98413 89 95242 93 94758 94 90584 0 91505 85 90854 58 95267 40 96766 64 96187 56 98728 20 96587 8 98297 19 91404 22 91716 59 99184 28 93547 52 92169 45 99120 53 99701 18 96377 85 93883 73 96883 7
50 98903 14 93455 36 99702 83 97656 30 95474 5 98255 37 99003 24 92166 5 95196 39 94920 35 97967 73 99572 6 95023 37 95604 34 94232 64 94981 88 95334 14 97581 81 99843 60 98257 2 99511 76 91466 53 91666 79 93968 40 94235 66 99598 19 97636 19 99518 34 93424 51 95904 71 98826 66 93319 82 91736 42 92626 91 92652 10 98996 18 97818 68 95490 25 95464 16 91617 88 93310 6 92081 99 94176 86 95691 86 91680 62 98188 22 94753 79 92114 5 96228 58 90328 43
72 97504 6 90237 70 93867 53 94770 61 91523 8 94147 22 99104 41 94686 83 92517 52 95323 42 90608 33 92942 23 97836 4 96419 23 90239 28 95698 78 92173 80 99757 37 97836 2 91279 47 93855 89 94899 72 91823 7 97042 67 98413 59 90044 84 91332 47 92834 24 99841 85 94045 76 91702 65 91209 2 99013 40 98102 13 96193 46 95396 90 97771 17 93181 41 96398 33 97368 3 95756 16 91687 43 99859 79 98111 25 94906 61 96199 39 97600 57 94585 44 97391 74 97729 35 94590 95 91877 50 95977 17 95542 66 95004 38 90585 5 97775 31 95387 84 94306 48 98148 40 91968 91 92716 62 96397 34 93900 55 93030 42 92546 32 94857 60 97755 98 98053 38 97905 5 98856 35 90507 22
99 93404 42 95073 19 90731 97 90918 82 95621 92 98690 52 94654 74 91858 51 99277 53 96451 95 96325 73 97973 56 95158 39 98975 16 93024 11 99361 29 92124 69 91609 19 92831 13 92912 7 94725 84 91103 24 98934 20 99573 39 91285 62 96365 58 96338 92 92889 68 98991 56 96547 71 92538 66 95916 76 92960 57 91579 80 93475 90 95382 69 96486 35 98340 27 96720 63 92989 63 93321 2 95553 74 98433 22 95231 5 97608 15 95704 65 96447 52 98563 84 94390 10 96975 82 98339 65 96484 21 90623 73 94859 74 95955 10 92896 26 96080 63 99039 38 96043 76 90189 53 95167 85 92864 11 95369 73 97272 46 91206 51 90345 28 99965 26 91757 18 98671 37 92716 23 95745 18 93386 96 91896 44 94695 67 97893 37 97702 56 97223 49 98873 61 92441 72 93824 66 91942 76 93256 14 92263 9 90396 33 99283 48 97737 22 93078 77 96464 71 90025 91 97624 72 95303 10 91292 66 93867 41 91088 25 95425 60 92811 30 96842 53 99273 57 90419 52
66 90106 46 93487 72 97904 18 93468 21 95093 14 93466 18 91992 27 91997 99 97488 4 96279 26 99320 42 94210 93 96365 27 94685 34 94739 50 98540 6 94543 9 99281 18 96205 26 90854 51 90679 53 99823 76 93993 45 95874 70 94315 70 91588 96 91255 33 92126 35 96053 69 95465 37 93285 82 90441 8 93240 69 93983 15 97564 55 97374 50 92214 67 92276 56 96278 54 96517 51 95611 77 91119 26 92857 16 90317 1 97615 13 98065 64 99204 72 90879 62 99062 6 99184 77 99977 51 97778 24 92626 58 92645 41 96882 69 96797 49 96603 3 93531 64 95197 71 93014 64 95967 91 97724 33 96986 22 94325 51 95247 80 97724 68
61 94247 22 91675 48 91690 49 94367 2 98973 58 94250 41 99348 57 94684 91 90367 33 92612 10 90119 20 91988 30 94607 86 94747 54 99907 99 91393 28 95867 6 91121 30 93527 99 96574 74 95698 91 93306 59 96711 27 96842 95 92155 22 93942 39 94047 29 98810 64 96504 41 96999 95 91741 96 99873 9 93092 92 95077 79 91093 71 92472 36 91675 67 97806 81 99267 83 96773 80 97932 32 91642 18 94399 54 91030 25 99242 78 96861 4 91010 42 97379 77 93034 8 99203 68 90636 23 93113 12 98525 30 91033 1 92738 63 91747 33 98925 99 94798 9 98560 89 93264 49 96690 11
55 98561 43 91110 25 96458 27 92452 11 94491 38 95730 17 99196 68 92845 51 93876 45 91995 87 93436 18 91258 69 95480 18 95592 62 96233 3 92303 3 94323 41 90414 99 90402 14 93094 75 94891 57 96929 28 97586 76 94017 29 97556 16 97276 19 96324 18 91416 75 92872 52 95338 65 98139 89 94033 16 99670 42 96654 68 93130 34 95614 66 93750 35 99119 17 90483 53 92289 1 90965 38 98056 68 91910 26 97428 72 95615 49 98302 28 99949 43 91542 6 91504 48 96362 40 90363 46 98174 10 93766 2 93989 13 95720 31
67 91080 30 97673 20 98634 71 95826 76 96279 60 99600 23 95514 69 98686 15 97272 87 95542 44 95114 47 90298 20 92975 61 92371 98 92924 58 96660 65 95160 28 94044 32 96530 19 91793 51 92364 14 94812 61 97057 46 91091 62 98460 7 97573 88 96422 37 94429 20 98142 50 93804 92 91984 69 91976 34 99127 30 95934 66 92410 8 92321 36 94797 47 95599 76 98966 32 92556 79 96601 78 97261 1 98820 19 98753 65 95714 49 93264 2 92892 35 96880 62 97977 99 94113 20 97241 15 90949 36 91217 55 94160 66 97240 36 99148 22 96723 0 91794 18 94200 10 92732 24 90674 32 98257 7 93435 40 95176 16 95766 58 99207 37 91003 63
98 97761 44 90847 51 93824 99 99777 17 90023 73 94589 68 94689 22 98237 96 92902 3 97760 66 90022 87 94907 40 93193 44 98081 6 94029 26 90698 71 97083 98 90132 34 93344 14 94983 9 97417 18 93130 11 91040 82 98252 38 90098 39 98731 84 91064 74 91257 52 91662 49 91483 69 97947 58 98109 18 91694 12 91125 40 95724 49 96997 8 95590 53 90276 96 97660 69 97141 14 97172 56 92072 80 90702 34 99972 42 94777 0 97262 86 90964 47 95049 25 95040 19 91228 42 93516 22 98914 89 96902 22 97316 40 98782 14 93102 11 97899 23 90965 0 95775 59 95341 22 94311 43 92091 80 94275 41 98442 76 97307 71 94406 86 99675 39 97852 74 90442 56 97507 52 97185 26 90492 50 99265 5 94670 11 92391 47 94482 29 98337 90 92505 95 99140 87 90647 4 90893 81 95993 46 95097 4 96715 11 90434 79 92602 48 97031 58 93444 2 93046 3 98197 42 97960 50 97449 15 96276 37 99544 0 90210 13 91526 2 94598 88 92806 6
64 95605 98 95851 4 90044 2 96122 93 98479 16 95771 4 91856 45 95506 88 96977 30 96841 93 96121 86 93825 28 91214 43 90713 92 96115 12 93625 6 90020 18 91494 22 96979 17 97581 3 95828 71 96050 16 92737 45 94885 12 99379 36 93847 39 96099 91 93652 70 94498 90 97828 48 93920 16 94374 40 92871 59 98222 54 93030 89 97309 59 99275 25 97686 95 98696 17 91417 47 94025 88 90256 70 95226 53 99987 68 95384 43 98616 39 99898 62 93314 73 94281 93 95467 83 97302 96 95097 11 91847 98 95022 20 97212 8 97530 65 94189 67 96082 97 99932 77 93385 39 91108 60 91411 60 98077 76 96386 58
68 93864 5 96814 9 92401 57 93495 57 90716 55 98162 68 90709 85 92987 54 99256 46 95594 88 92178 78 99928 50 98807 7 90681 29 92302 85 96422 61 91988 5 95371 74 91658 46 96727 1 95312 65 99694 18 91338 8 95307 26 93117 23 96126 72 92032 84 99253 53 94379 33 94317 75 97863 76 99075 27 94939 3 97712 85 91439 8 92524 44 96929 43 99267 37 91172 37 91343 80 99752 5 90912 84 90428 87 95317 75 92244 63 92976 70 96178 67 93512 69 99956 56 92282 33 98652 97 98752 58 94375 28 99973 63 92828 73 90910 91 95671 81 90074 61 94741 88 98368 65 94197 14 92039 30 92556 14 99138 10 96622 60 91613 19 94631 92 96145 58
75 92539 78 95572 0 97081 28 94684 57 99051 53 95707 10 95636 17 92103 75 90873 53 97671 63 95263 81 94265 58 97815 31 94014 52 95877 13 91137 27 99866 65 91643 4 91690 0 94404 88 92585 96 96295 90 90129 21 95291 75 98149 45 99496 7 97398 79 91872 80 96688 72 96788 99 94914 99 97632 17 97733 79 97051 65 92572 72 99264 99 90461 83 99710 39 95317 93 96527 87 98317 70 91625 93 98965 46 90094 71 99297 0 94114 56 99954 72 92307 38 96659 86 98491 48 90223 28 90240 54 90331 90 90059 68 92135 95 98042 44 92204 65 93552 62 90465 23 93061 74 90798 6 92846 57 95752 17 92627 18 96253 97 96533 38 95774 51 94472 66 92622 49 91470 72 94609 2 96151 67 91146 32 92150 87 91791 14
61 90306 11 90609 42 95221 32 92152 60 97531 90 90555 59 92348 18 98302 11 90456 65 97876 81 91117 32 98427 51 97840 78 92187 1 94019 69 94580 50 93937 72 92110 87 92261 49 96906 85 91515 1 92819 63 90630 98 92181 29 90378 72 96983 22 94044 97 93776 44 94856 67 92612 50 93603 8 95909 79 92245 24 94619 27 95749 3 91380 55 93069 53 95522 18 94012 72 97159 4 92313 78 94707 99 98210 16 91427 31 98949 29 94472 54 94798 10 96359 50 95418 89 98232 44 91866 67 91299 82 92634 66 99978 31 90988 32 95304 66 97733 16 98325 4 99574 2 99951 36 95522 75
62 97289 51 94462 73 92850 47 90509 27 90142 82 90121 82 95697 55 99007 60 98550 51 91765 78 93412 88 92382 0 93946 97 93606 34 94741 39 99819 36 97870 84 99167 73 90057 17 95185 40 98652 0 97151 80 93028 23 96889 8 95572 66 97097 21 94751 54 99580 16 99936 79 99818 98 95113 10 98278 84 99418 48 98780 5 95347 52 99956 48 92892 89 99630 34 93083 75 95757 13 90689 38 98789 53 96020 18 93979 19 90641 24 97293 74 94320 94 97800 12 97787 54 98511 14 94446 5 90808 3 96037 42 96928 42 94190 66 98554 38 98980 22 99260 9 98631 57 98538 21 97306 37 93972 1
59 92490 30 96510 11 91231 66 96613 6 98604 36 98693 16 91573 26 94673 82 98945 59 97299 21 98663 28 93868 9 94990 5 98951 47 94290 55 96701 59 94245 74 97080 19 96132 52 94416 53 95490 19 95981 52 98790 73 96768 10 97137 73 99699 49 90676 29 91876 22 93181 40 99460 40 92285 28 95650 66 91177 37 92706 13 92761 58 97084 17 91088 11 97569 92 93035 40 97334 61 93665 8 94264 31 91258 70 91068 35 95418 76 96370 57 90921 25 91394 97 90324 33 91624 43 92225 15 96907 19 90652 78 96874 86 94054 60 91429 95 99823 78 95042 44 92941 34
52 90027 31 99314 61 98634 24 98374 56 92312 27 98769 4 92472 41 99587 35 97751 24 95550 52 94078 38 92574 94 94117 62 95122 35 93376 21 90212 66 91458 92 91516 62 99203 82 94284 68 96672 94 95387 40 91991 77 91761 50 98513 4 92770 1 97550 42 95951 65 92296 86 96128 3 93786 94 94101 88 97432 87 93428 64 98549 46 98789 80 94941 20 95908 29 99675 17 93595 99 94046 19 92709 70 91916 46 92118 3 94960 8 92568 92 94161 74 99266 54 97959 20 98913 0 95959 77 94275 31
92 92140 30 91723 67 98087 17 96206 59 96413 39 99254 37 98917 46 96804 93 99610 7 92289 30 90196 18 99217 61 92643 35 99731 36 92240 46 92784 23 99094 94 98126 92 90973 6 95754 50 91577 17 90716 99 96123 73 90780 94 94718 85 96145 64 99391 95 99212 43 96074 39 95027 15 96503 79 99249 92 99909 74 90330 30 99695 53 98031 32 90750 18 98001 65 96626 72 99057 65 94577 3 95033 91 98373 36 94837 61 95263 81 92443 55 93304 84 92876 40 90456 35 95830 60 98426 34 97703 20 92465 29 95863 36 94904 43 98165 32 93534 17 90365 62 98872 59 96702 18 91818 35 92057 70 93981 82 94763 39 93303 50 95156 39 98924 93 96299 88 93695 95 98604 29 96957 21 95937 97 95165 65 90878 26 95929 1 93982 44 95503 96 91240 22 97861 41 95119 38 98309 55 92068 60 99380 75 95781 90 90756 45 93137 97 99826 62 96133 0 94197 62 99156 31 93612 62 97471 47
