2351
90004 4
90005 75
90009 98
90013 95
90014 66
90016 52
90020 65
90022 87
90023 73
90025 91
90026 75
90027 206
90034 85
90035 96
90037 57
90040 79
90044 86
90049 67
90050 1
90057 17
90059 154
90065 39
90070 10
90074 61
90077 27
90080 66
90084 88
90086 71
90094 71
90097 3
90098 115
90102 57
90106 46
90118 54
90119 20
90121 88
90125 13
90128 2
90129 21
90132 59
90142 82
90149 50
90161 53
90163 99
90167 52
90168 18
90174 66
90181 62
90183 83
90189 53
90193 30
90194 27
90196 18
90210 13
90212 153
90216 75
90223 28
90229 84
90237 70
90238 41
90239 28
90240 54
90248 61
90256 162
90257 87
90263 56
90276 96
90277 152
90288 86
90289 94
90297 2
90298 20
90303 69
90306 11
90313 114
90317 1
90322 69
90324 33
90328 67
90330 30
90331 111
90343 89
90344 95
90345 48
90351 47
90352 14
90354 41
90360 28
90363 46
90365 62
90366 35
90367 33
90370 91
90378 74
90380 3
90387 41
90388 37
90394 39
90396 33
90402 14
90412 42
90413 98
90414 99
90415 78
90418 22
90419 80
90428 87
90434 79
90437 31
90441 8
90442 56
90447 40
90456 100
90460 87
90461 179
90465 23
90472 14
90483 53
90492 50
90498 103
90504 96
90507 103
90509 27
90510 94
90513 1
90555 76
90562 82
90563 10
90570 30
90572 19
90580 91
90584 92
90585 5
90586 29
90588 90
90597 16
90601 88
90604 15
90605 90
90608 33
90609 42
90611 1
90613 132
90619 73
90623 73
90630 98
90632 27
90636 23
90640 6
90641 24
90647 4
90648 26
90652 78
90659 62
90661 77
90674 32
90676 29
90679 53
90681 29
90689 38
90695 5
90696 89
90698 71
90702 34
90707 78
90709 85
90712 91
90713 92
90714 7
90715 99
90716 154
90721 27
90723 68
90731 97
90737 60
90745 53
90750 18
90756 121
90758 24
90769 42
90770 69
90776 13
90777 26
90779 41
90780 94
90793 58
90795 40
90796 75
90798 6
90799 73
90808 3
90846 32
90847 51
90848 64
90853 96
90854 109
90866 36
90869 27
90873 53
90878 26
90879 84
90885 75
90893 120
90899 77
90900 70
90904 73
90909 96
90910 167
90912 84
90918 123
90921 25
90923 91
90933 55
90938 47
90940 62
90946 21
90949 36
90964 47
90965 38
90973 6
90977 69
90979 11
90988 45
90989 68
90991 44
91003 63
91010 42
91026 93
91030 25
91033 52
91037 6
91038 51
91040 82
91042 79
91055 76
91059 45
91061 1
91064 163
91068 35
91070 58
91071 91
91078 61
91080 30
91081 90
91083 18
91087 20
91088 36
91089 77
91091 62
91093 71
91096 59
91101 75
91103 24
91104 55
91108 60
91110 25
91113 73
91116 66
91117 32
91118 86
91119 26
91120 5
91121 30
91122 67
91125 40
91131 55
91137 27
91140 75
91146 32
91150 30
91158 20
91167 99
91168 78
91172 37
91177 37
91179 53
91190 90
91205 53
91206 51
91209 2
91214 43
91217 55
91222 52
91223 5
91228 42
91231 66
91235 77
91237 39
91240 22
91242 85
91244 33
91245 53
91252 39
91255 33
91257 52
91258 139
91274 98
91278 17
91279 47
91280 37
91284 24
91285 62
91286 92
91289 16
91292 66
91299 82
91322 92
91323 41
91324 71
91332 47
91338 8
91342 99
91343 80
91345 21
91353 33
91374 49
91380 55
91382 1
91384 11
91385 85
91393 28
91394 97
91395 26
91401 119
91402 82
91404 22
91407 70
91409 60
91411 60
91415 84
91416 75
91417 47
91424 62
91425 61
91427 78
91429 95
91436 81
91439 88
91448 75
91455 24
91458 92
91465 80
91466 53
91470 72
91478 35
91479 92
91483 69
91487 27
91490 19
91491 85
91494 22
91504 48
91505 90
91515 1
91516 62
91523 8
91526 2
91532 68
91536 94
91542 6
91554 38
91555 86
91563 78
91565 148
91570 98
91573 122
91577 17
91579 80
91584 11
91588 96
91589 48
91597 68
91602 80
91609 19
91612 3
91613 19
91616 20
91617 88
91621 29
91624 231
91625 93
91639 68
91642 85
91643 4
91649 52
91651 13
91655 87
91658 46
91661 21
91662 49
91666 79
91668 40
91675 115
91677 9
91680 62
91683 9
91687 43
91688 31
91690 49
91694 12
91695 7
91699 56
91702 65
91705 7
91706 10
91709 77
91716 95
91723 67
91734 8
91736 42
91741 96
91747 33
91756 23
91757 18
91760 81
91761 50
91764 26
91765 78
91790 96
91791 14
91793 51
91794 18
91796 25
91803 22
91810 46
91816 39
91818 35
91823 7
91827 23
91838 22
91847 98
91852 86
91856 45
91858 51
91862 40
91866 67
91872 80
91876 22
91877 50
91896 44
91902 44
91905 60
91906 92
91910 26
91916 46
91923 6
91930 49
91940 13
91942 76
91945 83
91947 88
91951 29
91962 35
91965 14
91968 91
91976 34
91977 61
91984 69
91987 30
91988 35
91989 8
91991 77
91992 27
91995 96
91997 99
92008 73
92009 72
92014 45
92017 29
92021 4
92029 4
92032 84
92039 30
92042 71
92043 47
92044 11
92046 41
92052 33
92057 70
92068 60
92072 80
92073 93
92074 86
92078 41
92081 99
92084 86
92091 80
92095 64
92099 87
92103 75
92109 67
92110 129
92112 96
92114 5
92115 82
92116 60
92118 3
92122 98
92123 76
92124 69
92126 35
92135 95
92140 30
92150 87
92152 60
92155 22
92158 69
92166 5
92169 45
92173 80
92176 37
92178 78
92180 41
92181 112
92187 1
92195 46
92200 69
92203 205
92204 65
92212 71
92214 67
92215 41
92225 44
92228 50
92236 42
92240 121
92244 63
92245 24
92250 61
92256 75
92259 94
92261 107
92263 9
92276 56
92282 33
92285 28
92289 31
92296 86
92302 85
92303 3
92305 32
92307 38
92312 27
92313 78
92318 41
92319 87
92321 151
92323 73
92324 35
92325 21
92328 35
92330 22
92334 93
92338 87
92339 67
92342 82
92346 14
92348 75
92349 60
92362 92
92364 14
92371 98
92380 50
92381 9
92385 10
92387 13
92391 47
92394 84
92396 84
92398 47
92399 121
92401 57
92403 94
92406 142
92410 8
92414 25
92415 14
92423 5
92428 59
92429 18
92441 94
92443 140
92445 33
92447 52
92449 83
92452 11
92456 88
92465 29
92466 93
92472 77
92477 42
92482 72
92485 28
92486 21
92490 30
92493 71
92499 144
92501 48
92505 95
92515 32
92517 116
92518 102
92522 8
92524 44
92526 72
92538 66
92539 78
92541 60
92542 23
92546 95
92551 63
92556 93
92559 85
92568 92
92572 72
92573 43
92574 94
92584 32
92585 96
92591 15
92592 76
92596 61
92597 43
92602 63
92603 88
92612 60
92622 49
92626 149
92627 18
92628 64
92629 66
92633 104
92634 104
92638 53
92643 35
92645 111
92651 61
92652 10
92665 73
92670 90
92671 90
92675 31
92688 19
92693 19
92706 28
92709 70
92712 78
92713 84
92716 85
92721 52
92724 19
92732 24
92734 26
92737 45
92738 63
92746 38
92752 10
92761 186
92768 6
92770 1
92774 73
92782 68
92784 23
92786 5
92788 64
92789 196
92791 64
92806 6
92811 30
92813 59
92816 24
92819 63
92822 29
92828 73
92831 13
92834 24
92838 85
92845 51
92846 57
92850 47
92853 18
92857 16
92864 25
92871 59
92872 52
92876 40
92877 147
92881 23
92884 42
92885 80
92886 38
92889 68
92891 69
92892 144
92893 66
92896 26
92897 36
92900 66
92902 3
92909 1
92912 7
92924 99
92925 81
92933 35
92941 34
92942 23
92960 57
92965 81
92975 83
92976 70
92986 27
92987 54
92988 94
92989 63
92996 64
93003 58
93007 50
93010 6
93014 64
93024 49
93028 23
93030 131
93034 8
93035 40
93043 27
93046 3
93061 74
93069 53
93075 10
93078 77
93079 92
93083 75
93085 20
93092 92
93094 154
93102 11
93113 12
93114 4
93117 23
93120 55
93123 35
93124 30
93129 7
93130 45
93137 97
93139 5
93147 72
93157 76
93163 93
93168 18
93170 49
93181 81
93186 76
93188 7
93193 44
93194 88
93195 59
93205 9
93215 63
93219 24
93237 54
93240 69
93242 17
93256 14
93264 51
93278 37
93285 82
93295 73
93303 50
93304 84
93306 59
93310 6
93314 73
93319 115
93321 2
93325 73
93338 111
93339 2
93344 14
93346 75
93364 44
93366 19
93375 93
93376 21
93385 39
93386 96
93389 76
93390 17
93396 86
93403 52
93404 83
93405 113
93412 88
93424 51
93428 64
93431 10
93432 71
93435 40
93436 45
93444 2
93451 31
93455 36
93466 18
93468 21
93469 61
93475 90
93482 8
93486 44
93487 72
93493 30
93494 85
93495 57
93497 2
93500 9
93505 37
93508 34
93512 69
93514 92
93516 22
93524 40
93527 99
93531 64
93534 17
93536 84
93540 43
93545 47
93547 52
93552 62
93556 100
93560 7
93562 2
93565 27
93568 44
93575 67
93582 73
93592 36
93595 99
93596 80
93603 129
93606 34
93607 92
93612 62
93619 131
93625 81
93638 149
93640 53
93642 70
93643 153
93652 95
93654 23
93665 8
93668 32
93675 41
93684 55
93686 77
93687 52
93695 95
93700 73
93701 68
93703 62
93708 15
93714 38
93734 39
93747 20
93750 35
93755 53
93758 62
93766 15
93771 62
93776 44
93777 5
93778 59
93785 48
93786 94
93789 60
93804 92
93808 34
93818 54
93824 165
93825 28
93831 57
93836 6
93840 61
93847 39
93850 101
93851 90
93855 128
93860 12
93864 5
93867 94
93868 9
93869 38
93876 45
93877 1
93881 47
93883 73
93890 57
93900 55
93904 17
93909 66
93914 132
93918 4
93920 16
93930 37
93931 186
93937 72
93938 16
93940 58
93942 39
93946 97
93951 29
93952 22
93955 94
93968 40
93972 1
93973 40
93976 90
93979 33
93980 7
93981 82
93982 44
93983 15
93987 30
93989 13
93993 45
93994 81
93995 82
93996 30
94012 72
94014 52
94017 29
94019 69
94025 88
94026 40
94029 26
94033 16
94044 129
94045 76
94046 19
94047 123
94051 80
94054 60
94067 52
94068 45
94077 14
94078 38
94081 34
94084 33
94086 44
94090 47
94096 99
94101 88
94103 99
94105 19
94112 83
94113 20
94114 56
94117 62
94118 85
94143 5
94144 17
94147 22
94148 22
94151 34
94160 81
94161 74
94176 178
94189 67
94190 74
94196 80
94197 108
94200 10
94204 61
94207 40
94209 19
94210 94
94212 18
94219 12
94220 86
94224 34
94227 34
94228 99
94232 64
94235 66
94243 61
94245 74
94247 22
94250 41
94262 54
94264 31
94265 58
94275 72
94281 93
94284 68
94285 40
94290 55
94293 52
94300 91
94306 48
94308 14
94311 43
94314 98
94315 70
94317 75
94320 150
94323 41
94325 51
94336 57
94338 15
94345 1
94367 2
94373 72
94374 40
94375 28
94379 33
94384 98
94390 10
94391 25
94392 64
94393 13
94399 54
94404 88
94406 86
94413 36
94416 208
94419 27
94421 88
94429 20
94440 45
94441 42
94446 5
94458 9
94462 73
94465 91
94469 25
94472 120
94473 6
94479 16
94482 29
94483 76
94484 88
94490 72
94491 38
94494 52
94498 90
94499 86
94503 32
94508 29
94509 81
94514 76
94515 48
94520 117
94523 85
94538 82
94543 9
94548 35
94553 48
94556 7
94557 92
94560 96
94577 3
94580 50
94581 74
94585 44
94588 41
94589 68
94590 95
94591 76
94595 87
94598 88
94604 75
94607 86
94609 2
94618 77
94619 27
94623 47
94630 14
94631 92
94634 26
94643 96
94649 49
94654 74
94669 93
94670 11
94671 48
94673 82
94675 55
94684 148
94685 34
94686 83
94687 92
94689 22
94690 45
94695 67
94703 75
94704 78
94707 99
94708 20
94715 23
94716 58
94718 85
94724 60
94725 84
94738 44
94739 50
94741 127
94746 50
94747 54
94749 28
94751 54
94753 79
94758 94
94761 115
94763 39
94767 41
94770 61
94780 28
94790 92
94791 97
94795 55
94797 47
94798 19
94800 86
94802 89
94808 76
94812 61
94825 85
94828 48
94835 62
94837 61
94841 35
94844 48
94856 67
94857 60
94859 74
94861 6
94863 89
94867 46
94870 5
94876 83
94878 62
94881 31
94884 60
94885 12
94891 57
94899 72
94904 43
94906 61
94907 40
94914 99
94916 68
94920 35
94924 4
94926 5
94930 81
94934 60
94938 84
94939 3
94941 20
94954 79
94955 84
94957 53
94958 67
94960 13
94961 94
94975 4
94977 32
94981 88
94983 9
94990 5
95001 135
95004 38
95022 116
95023 37
95025 1
95027 203
95030 84
95033 91
95040 19
95042 44
95046 17
95049 25
95053 65
95061 61
95073 19
95075 10
95077 79
95078 48
95080 6
95084 34
95093 14
95095 75
95097 100
95110 12
95113 10
95114 47
95116 14
95119 38
95122 35
95124 24
95127 50
95133 92
95136 54
95140 52
95156 39
95158 39
95160 28
95165 65
95167 85
95171 35
95176 16
95185 40
95196 39
95197 83
95208 48
95209 41
95213 27
95221 32
95226 91
95229 55
95231 5
95240 99
95242 93
95247 80
95256 66
95258 95
95262 65
95263 162
95264 2
95265 53
95267 40
95273 59
95282 70
95286 1
95291 75
95294 91
95297 137
95302 8
95303 10
95304 66
95307 26
95312 65
95317 168
95323 42
95324 12
95326 50
95332 88
95333 12
95334 14
95338 65
95339 82
95341 22
95343 18
95347 52
95355 95
95361 78
95363 2
95369 73
95371 74
95377 43
95378 67
95379 55
95382 199
95384 43
95387 124
95396 90
95408 90
95418 165
95422 65
95425 60
95447 48
95448 16
95452 72
95459 25
95464 16
95465 37
95466 36
95467 83
95470 44
95471 79
95474 5
95476 83
95480 18
95490 44
95503 96
95506 88
95514 69
95522 93
95540 28
95541 33
95542 110
95550 52
95553 74
95572 148
95581 57
95582 99
95587 69
95588 13
95590 95
95592 62
95594 88
95596 13
95599 76
95604 34
95605 98
95611 77
95614 157
95615 49
95616 63
95617 49
95621 92
95632 98
95636 17
95641 49
95648 87
95650 66
95651 77
95671 81
95677 92
95683 43
95685 31
95691 86
95693 31
95695 11
95696 79
95697 55
95698 169
95699 6
95700 5
95704 65
95707 10
95714 49
95720 31
95723 57
95724 49
95727 90
95730 17
95737 30
95742 91
95745 18
95749 3
95752 17
95753 40
95754 50
95756 16
95757 13
95766 124
95771 4
95774 51
95775 59
95777 53
95779 87
95780 47
95781 176
95803 17
95818 21
95823 75
95824 66
95825 45
95826 76
95828 71
95830 60
95834 30
95839 40
95849 93
95850 93
95851 4
95855 29
95863 36
95867 6
95871 27
95874 70
95877 13
95879 85
95888 8
95895 40
95900 49
95901 8
95904 71
95908 29
95909 79
95916 76
95922 34
95924 98
95927 88
95928 60
95929 1
95932 81
95934 66
95937 97
95946 52
95951 65
95955 10
95956 36
95959 77
95961 145
95963 84
95967 91
95968 47
95973 58
95977 17
95979 86
95980 89
95981 52
95982 6
95984 54
95987 64
95989 10
95993 46
95994 16
96009 16
96020 18
96021 94
96026 16
96032 41
96034 48
96035 23
96037 42
96043 76
96050 16
96053 69
96057 47
96061 88
96073 94
96074 39
96076 67
96080 63
96082 97
96085 65
96086 92
96094 32
96096 18
96099 91
96104 44
96105 1
96111 5
96115 30
96121 86
96122 93
96123 111
96126 72
96128 3
96129 72
96132 149
96144 28
96145 122
96151 67
96159 90
96165 47
96168 29
96170 34
96175 68
96178 99
96179 51
96180 70
96183 5
96187 56
96193 46
96199 39
96204 28
96205 26
96206 59
96211 13
96212 19
96219 81
96227 50
96228 58
96231 9
96233 3
96234 87
96253 97
96256 74
96258 88
96270 16
96273 22
96275 66
96276 122
96278 54
96279 86
96289 78
96295 90
96299 88
96309 136
96321 51
96324 18
96325 73
96326 45
96328 97
96329 43
96330 5
96338 92
96353 33
96355 29
96359 50
96362 70
96364 84
96365 85
96366 29
96370 57
96374 55
96377 85
96380 95
96386 58
96388 46
96393 90
96397 34
96398 33
96413 39
96419 23
96420 9
96421 63
96422 98
96424 45
96426 33
96434 29
96435 24
96436 155
96439 4
96447 52
96448 62
96451 95
96453 57
96458 27
96464 71
96480 78
96484 195
96486 47
96489 37
96497 46
96498 94
96500 91
96503 157
96504 41
96510 11
96513 84
96516 92
96517 51
96527 87
96530 19
96533 38
96547 71
96556 6
96571 77
96574 74
96575 96
96577 49
96578 47
96587 8
96589 61
96601 78
96603 3
96606 96
96607 41
96613 6
96620 88
96622 60
96626 72
96627 8
96629 68
96633 109
96647 57
96650 11
96654 68
96655 96
96657 16
96659 86
96660 65
96662 6
96667 98
96672 94
96688 140
96690 11
96698 49
96699 52
96701 59
96702 18
96707 14
96709 95
96710 74
96711 27
96715 11
96720 63
96727 1
96730 6
96739 96
96752 64
96760 32
96765 68
96766 64
96768 10
96773 80
96781 151
96785 69
96786 58
96788 99
96791 59
96794 64
96797 49
96804 93
96814 9
96817 42
96825 40
96829 30
96840 94
96841 118
96842 193
96846 46
96851 32
96857 51
96861 4
96863 37
96864 27
96869 47
96874 86
96880 62
96882 69
96883 7
96889 19
96891 3
96892 30
96902 66
96906 85
96907 19
96908 12
96912 53
96917 105
96919 74
96928 42
96929 71
96932 27
96939 57
96945 74
96949 60
96952 61
96954 88
96957 21
96962 8
96965 60
96973 88
96975 82
96977 30
96979 17
96982 67
96983 67
96984 20
96986 22
96991 47
96997 8
96999 190
97012 97
97019 76
97023 10
97031 58
97042 67
97051 65
97057 46
97063 17
97064 34
97069 47
97070 49
97079 88
97080 19
97081 28
97082 90
97083 98
97084 17
97088 95
97095 48
97097 21
97100 77
97103 97
97104 38
97117 31
97129 69
97135 26
97137 73
97141 14
97144 62
97148 27
97149 38
97151 80
97159 4
97162 9
97172 56
97185 26
97188 149
97196 30
97210 168
97212 59
97214 55
97223 49
97227 87
97232 58
97240 36
97241 27
97261 29
97262 86
97264 83
97271 79
97272 202
97276 28
97278 30
97289 51
97291 11
97293 74
97299 21
97301 66
97302 96
97306 37
97307 71
97308 64
97309 59
97316 69
97322 89
97326 71
97328 138
97329 66
97332 6
97334 61
97336 35
97339 32
97352 65
97354 49
97357 48
97361 81
97364 2
97366 15
97368 3
97372 70
97374 50
97375 57
97377 93
97379 86
97385 11
97391 74
97392 12
97393 5
97394 90
97395 1
97398 133
97405 44
97415 57
97417 18
97425 77
97426 37
97428 72
97429 38
97432 87
97436 29
97440 17
97448 20
97449 15
97461 7
97471 75
97474 44
97476 99
97482 5
97488 81
97493 90
97504 6
97507 52
97510 83
97511 54
97520 55
97523 19
97530 65
97531 90
97547 62
97550 59
97553 54
97556 16
97561 38
97563 35
97564 55
97566 71
97569 252
97570 23
97573 88
97581 84
97586 76
97589 85
97591 45
97592 51
97597 43
97600 57
97604 52
97608 15
97611 159
97615 13
97620 40
97622 14
97624 72
97632 17
97636 19
97656 30
97660 69
97671 63
97673 20
97686 95
97688 73
97695 42
97702 56
97703 20
97712 85
97724 101
97729 35
97730 43
97733 164
97734 97
97735 46
97737 22
97743 109
97751 24
97753 27
97755 98
97758 21
97760 66
97761 44
97767 85
97768 30
97770 9
97771 88
97775 112
97776 28
97778 24
97779 9
97784 32
97785 81
97787 54
97789 62
97794 86
97800 12
97806 81
97811 31
97813 16
97815 31
97818 68
97826 93
97828 48
97836 6
97840 165
97842 25
97846 76
97851 32
97852 74
97854 53
97855 93
97860 71
97861 41
97863 76
97870 84
97871 96
97872 21
97876 81
97886 20
97889 75
97892 63
97893 37
97896 167
97899 23
97901 157
97902 33
97904 18
97905 5
97908 49
97911 56
97914 44
97916 92
97920 43
97926 69
97929 56
97932 32
97933 66
97934 10
97940 36
97941 58
97946 46
97947 58
97949 32
97950 89
97953 78
97957 37
97959 20
97960 50
97965 75
97967 73
97973 56
97977 99
97985 79
97988 62
97993 28
97998 79
98001 65
98002 91
98013 23
98016 33
98024 123
98031 32
98037 82
98038 33
98042 44
98043 53
98051 51
98053 38
98056 68
98059 39
98063 24
98064 52
98065 64
98071 30
98077 76
98078 47
98081 6
98084 68
98087 62
98090 53
98095 95
98102 13
98103 57
98109 18
98111 25
98123 52
98126 92
98127 61
98130 29
98132 56
98134 59
98139 89
98141 17
98142 130
98143 56
98148 40
98149 45
98155 57
98162 112
98165 121
98174 44
98185 134
98187 17
98188 22
98191 84
98195 63
98197 42
98199 69
98200 50
98210 16
98218 61
98222 54
98232 44
98237 96
98245 10
98251 81
98252 38
98253 9
98255 37
98257 9
98258 6
98261 50
98270 84
98272 99
98278 84
98287 72
98294 20
98297 19
98302 39
98309 55
98317 70
98325 4
98330 46
98335 27
98337 90
98339 65
98340 27
98346 2
98356 79
98368 65
98371 4
98373 36
98374 56
98380 88
98382 30
98385 16
98392 23
98399 89
98408 48
98413 148
98421 8
98422 1
98426 34
98427 51
98428 12
98430 82
98433 22
98442 103
98445 37
98447 150
98453 69
98457 71
98460 7
98474 51
98478 89
98479 16
98490 82
98491 48
98494 24
98498 73
98508 19
98511 14
98512 61
98513 4
98518 48
98520 26
98522 18
98525 30
98527 77
98529 59
98538 21
98540 6
98542 57
98549 46
98550 51
98554 38
98560 89
98561 122
98563 84
98569 16
98577 12
98581 41
98582 26
98594 90
98595 82
98604 72
98605 80
98606 10
98608 72
98610 81
98611 2
98615 63
98616 39
98621 96
98631 205
98634 95
98635 22
98639 51
98646 19
98652 108
98657 44
98660 2
98662 96
98663 28
98668 43
98671 51
98678 89
98682 94
98686 15
98688 4
98690 52
98691 37
98693 16
98696 17
98700 59
98707 71
98708 26
98717 40
98725 21
98727 86
98728 20
98731 84
98732 77
98738 56
98743 52
98748 153
98752 118
98753 65
98769 4
98776 51
98780 5
98782 98
98784 70
98787 39
98789 133
98790 106
98792 11
98794 59
98799 48
98807 82
98810 64
98820 19
98824 35
98826 89
98828 127
98841 98
98842 62
98844 73
98856 35
98863 6
98865 18
98872 59
98873 61
98876 9
98880 183
98883 12
98890 60
98902 91
98903 14
98906 32
98914 89
98917 46
98919 37
98923 86
98924 93
98925 99
98931 25
98934 77
98941 77
98944 41
98945 59
98949 29
98951 47
98956 60
98960 36
98965 46
98966 32
98973 58
98975 16
98977 56
98980 82
98986 99
98991 56
98995 52
98996 18
98997 1
99003 102
99007 60
99013 40
99016 16
99022 14
99025 65
99039 52
99045 77
99051 53
99053 73
99054 91
99057 65
99062 6
99064 85
99065 105
99071 94
99075 27
99076 94
99093 33
99094 94
99097 80
99102 27
99104 41
99110 104
99119 17
99120 108
99127 30
99130 28
99131 30
99134 26
99137 59
99138 109
99140 87
99148 116
99152 37
99156 126
99158 63
99160 95
99161 44
99167 73
99171 44
99173 92
99176 23
99182 41
99184 105
99188 27
99194 94
99195 7
99196 159
99197 18
99203 150
99204 72
99207 37
99210 59
99212 43
99217 109
99231 32
99241 90
99242 78
99249 92
99251 53
99253 73
99254 37
99256 46
99260 9
99264 99
99265 5
99266 54
99267 245
99271 25
99273 57
99275 25
99276 39
99277 53
99281 18
99283 48
99288 57
99296 80
99308 38
99314 61
99315 65
99318 56
99320 120
99332 21
99342 45
99348 155
99353 81
99361 29
99365 66
99374 64
99378 10
99379 36
99380 106
99381 62
99383 11
99391 95
99392 85
99401 49
99407 108
99418 48
99425 61
99427 13
99437 119
99454 65
99460 40
99462 23
99463 43
99468 46
99478 12
99483 85
99490 49
99493 62
99495 69
99496 7
99510 40
99511 76
99518 34
99525 1
99536 33
99546 10
99551 74
99556 150
99561 81
99564 16
99565 83
99566 7
99572 6
99573 39
99574 2
99580 16
99581 82
99587 35
99589 78
99590 87
99594 6
99596 48
99598 19
99600 23
99610 7
99616 20
99617 51
99618 30
99619 91
99624 69
99630 34
99646 22
99648 34
99649 83
99662 18
99668 21
99669 176
99670 42
99675 56
99680 79
99682 23
99687 94
99694 18
99695 53
99698 88
99699 49
99701 18
99702 83
99709 67
99710 39
99726 67
99731 36
99734 46
99750 99
99752 5
99757 37
99759 97
99763 66
99771 72
99777 65
99792 38
99799 49
99804 48
99814 111
99818 98
99819 129
99821 28
99823 154
99826 62
99831 17
99841 85
99843 60
99844 85
99845 33
99856 44
99859 153
99866 65
99867 97
99873 9
99874 9
99878 88
99884 4
99898 62
99907 99
99909 74
99912 86
99923 84
99928 50
99932 77
99935 77
99936 88
99940 137
99949 43
99951 36
99954 72
99956 104
99958 6
99961 3
99965 26
99972 42
99973 71
99977 51
99978 31
99987 68
99998 120
